1.80000000000001
1.90000000000001
2.50000000000001
7.22112676056338
2.50000000000001
1.90000000000001
1.80000000000001
1.90000000000001
1.70000000000001
1.90000000000001
2.00000000000001
20
2.50056124562001
2.50045687460001
2.50045687460001
2.50000000000001
2.50056124562001
2.50045687460001
2.50125560000001
2.50045687460001
1.90000000000001
1.80000000000001
2.00000000000001
1.80000000000001
2.00000000000001
2.10000000000001
2.50000000000001
6.57275803722504
2.50056124562001
2.50045687460001
2.50045687460001
2.50000000000001
2.50056124562001
2.50045687460001
2.50125560000001
2.50045687460001
2.10000000000001
2.30000000000001
2.20000000000001
1.80000000000001
2.20000000000001
2.10000000000001
2.30000000000001
2.20000000000001
1.90000000000001
1.80000000000001
2.10000000000001
1.90000000000001
2.10000000000001
2.20000000000001
2.30000000000001
6.57275803722504
2.50056124562001
2.50045687460001
2.50045687460001
2.50000000000001
2.50056124562001
2.50045687460001
2.50125560000001
2.50045687460001
2.10000000000001
2.30000000000001
2.20000000000001
1.80000000000001
2.20000000000001
2.10000000000001
2.30000000000001
2.20000000000001
1.90000000000001
1.80000000000001
2.10000000000001
1.90000000000001
2.10000000000001
2.20000000000001
2.30000000000001
6.57275803722504
2.50056124562001
2.50045687460001
2.50045687460001
2.50000000000001
2.50056124562001
2.50045687460001
2.50125560000001
2.50045687460001
2.10000000000001
2.30000000000001
2.20000000000001
1.80000000000001
2.20000000000001
2.10000000000001
2.30000000000001
2.20000000000001
1.90000000000001
1.80000000000001
2.10000000000001
1.90000000000001
2.10000000000001
2.20000000000001
2.30000000000001
6.57275803722504
2.50056124562001
2.50045687460001
2.50045687460001
2.50000000000001
2.50056124562001
2.50045687460001
2.50125560000001
2.50045687460001
2.10000000000001
2.30000000000001
2.20000000000001
1.80000000000001
2.20000000000001
2.10000000000001
2.30000000000001
2.20000000000001
1.90000000000001
1.80000000000001
2.10000000000001
1.90000000000001
2.10000000000001
2.20000000000001
2.30000000000001
