1.80000000000001
1.90000000000001
2.50000000000001
7.22112676056338
2.50000000000001
1.90000000000001
1.80000000000001
1.90000000000001
1.70000000000001
1.90000000000001
2.00000000000001
1.90000000000001
2.00000000000001
1.90000000000001
2.00000000000001
1.90000000000001
2.00000000000001
2.00000000000001
2.10000000000001
2.00000000000001
1.90000000000001
1.80000000000001
2.00000000000001
1.80000000000001
2.00000000000001
2.10000000000001
2.50000000000001
6.57275803722504
2.60000000000001
2.00000000000001
1.90000000000001
1.70000000000001
1.60000000000001
1.80000000000001
2.20000000000001
2.00000000000001
2.10000000000001
2.30000000000001
2.20000000000001
1.80000000000001
2.20000000000001
2.10000000000001
2.30000000000001
2.20000000000001
1.90000000000001
1.80000000000001
2.10000000000001
1.90000000000001
2.10000000000001
2.20000000000001
2.30000000000001
6.85202931228861
2.30000000000001
1.80000000000001
2.00000000000001
1.90000000000001
1.90000000000001
1.90000000000001
2.00000000000001
2.00000000000001
2.10000000000001
1.80000000000001
2.20000000000001
1.90000000000001
2.20000000000001
2.20000000000001
2.20000000000001
1.90000000000001
2.00000000000001
1.90000000000001
2.00000000000001
1.90000000000001
2.10000000000001
2.20000000000001
2.40000000000001
7.03722504230118
2.70000000000001
2.00000000000001
2.30000000000001
1.90000000000001
2.00000000000001
1.90000000000001
2.30000000000001
2.20000000000001
2.00000000000001
1.80000000000001
2.10000000000001
1.90000000000001
2.00000000000001
2.10000000000001
2.20000000000001
2.10000000000001
2.30000000000001
2.00000000000001
1.90000000000001
1.80000000000001
2.00000000000001
2.10000000000001
2.20000000000001
7.50620417371686
2.90000000000001
2.10000000000001
2.00000000000001
1.90000000000001
1.80000000000001
1.90000000000001
2.00000000000001
1.90000000000001
2.10000000000001
2.00000000000001
2.10000000000001
1.90000000000001
2.20000000000001
2.10000000000001
2.10000000000001
2.20000000000001
2.30000000000001
2.0000000000001
2.000000000000001
1.90000000000001
2.10000000000001
2.10000000000001
2.20000000000001
6.86826516220028
2.50000000000001
1.90000000000001
1.80000000000001
1.90000000000001
1.70000000000001
1.90000000000001
2.00000000000001
1.90000000000001
2.00000000000001
1.90000000000001
2.00000000000001
1.90000000000001
2.00000000000001
2.00000000000001
2.10000000000001
2.00000000000001
1.90000000000001
1.80000000000001
2.00000000000001
1.80000000000001
2.00000000000001
2.10000000000001
2.50000000000001
7.50084650112866
2.50000000000001
2.00000000000001
2.10000000000001
2.30000000000001
2.20000000000001
2.00000000000001
1.90000000000001
1.90000000000001
2.00000000000001
1.90000000000001
2.00000000000001
1.90000000000001
1.80000000000001
2.00000000000001
1.80000000000001
2.00000000000001
1.90000000000001
1.80000000000001
2.20000000000001
1.80000000000001
2.10000000000001
2.10000000000001
2.10000000000001
6.48588368153585
2.10000000000001
1.90000000000001
1.80000000000001
1.90000000000001
1.90000000000001
2.30000000000001
2.00000000000001
2.10000000000001
2.00000000000001
2.10000000000001
2.00000000000001
1.90000000000001
2.20000000000001
2.00000000000001
2.10000000000001
2.20000000000001
1.90000000000001
1.80000000000001
2.20000000000001
1.80000000000001
2.00000000000001
2.20000000000001
2.50000000000001
6.96163610719323
2.50000000000001
2.00000000000001
2.10000000000001
2.10000000000001
2.10000000000001
1.90000000000001
2.00000000000001
1.90000000000001
2.10000000000001
2.00000000000001
2.00000000000001
1.80000000000001
1.90000000000001
1.90000000000001
2.00000000000001
2.20000000000001
1.90000000000001
1.80000000000001
2.00000000000001
1.80000000000001
2.30000000000001
2.30000000000001
2.40000000000001
6.90414434733577
2.90000000000001
2.00000000000001
2.10000000000001
2.00000000000001
2.10000000000001
2.00000000000001
2.10000000000001
2.00000000000001
2.10000000000001
2.00000000000001
2.10000000000001
2.00000000000001
2.10000000000001
2.00000000000001
2.10000000000001
2.00000000000001
2.10000000000001
2.00000000000001
2.10000000000001
2.00000000000001
2.10000000000001
2.00000000000001
2.10000000000001
7.13564856040368
2.00000000000001
1.90000000000001
1.90000000000001
1.90000000000001
1.70000000000001
1.90000000000001
2.20000000000001
1.90000000000001
2.20000000000001
1.90000000000001
2.30000000000001
2.10000000000001
2.20000000000001
2.20000000000001
2.10000000000001
2.00000000000001
1.80000000000001
1.70000000000001
1.90000000000001
1.80000000000001
2.00000000000001
2.10000000000001
2.20000000000001
6.49436302142051
2.20000000000001
1.90000000000001
1.80000000000001
1.90000000000001
1.70000000000001
1.90000000000001
2.00000000000001
1.90000000000001
2.00000000000001
1.90000000000001
2.00000000000001
1.90000000000001
2.00000000000001
2.00000000000001
2.10000000000001
2.00000000000001
1.90000000000001
1.80000000000001
2.00000000000001
1.80000000000001
2.00000000000001
2.10000000000001
2.50000000000001
6.31820744081172
2.50000000000001
2.40000000000001
2.30000000000001
2.20000000000001
2.10000000000001
2.00000000000001
1.90000000000001
1.80000000000001