1.80000000000001
1.90000000000001
2.50000000000001
7.22112676056338
2.50000000000001
1.90000000000001
1.80000000000001
1.90000000000001
1.70000000000001
1.90000000000001
2.00000000000001
20
2.50056124562001
2.50045687460001
2.50045687460001
2.50000000000001
2.50056124562001
2.50045687460001
2.50125560000001
2.50045687460001
1.90000000000001
1.80000000000001
2.00000000000001
1.80000000000001
2.00000000000001
2.10000000000001
2.50000000000001
6.57275803722504
2.50056124562001
2.50045687460001
2.50045687460001
2.50000000000001
2.50056124562001
2.50045687460001
2.50125560000001
2.50045687460001
2.10000000000001
2.30000000000001
2.20000000000001
1.80000000000001
2.20000000000001
2.10000000000001
2.30000000000001
2.20000000000001
1.90000000000001
1.80000000000001
2.10000000000001
3.21254444122254
2.10000000000003
2.20000000000001
2.30000000000001
6.57275803722504
2.50056124562001
2.50045687460001
2.50045687460001
2.50000000000001
2.50056124562001
2.50045687460001
2.50125560000001
2.50045687460001
2.10000000000001
5.23659898454545
2.20000000000001
1.80000000000001
2.20000000000001
2.10000000000001
2.30000000000001
2.20000000000001
1.90000000000001
1.80000000000001
2.10000000000001
1.90000000000001
2.10000000000001
2.20000000000001
2.30000000000001
6.57275803722504
2.50056124562001
2.50045687460001
5.23659874555874
2.50000000000001
2.50056124562001
2.50045687460001
2.50125560000001
2.50045687460001
2.10000000000001
2.30000000000001
2.20000000000001
1.80000000000001
2.20000000000001
2.10000000000001
2.30000000000001
2.20000000000001
1.90000000000001
1.80000000000001
2.10000000000001
1.90000000000001
2.10000000000001
2.20000000000001
2.30000000000001
7.22112676056338
2.50000000000001
1.90000000000001
1.80000000000001
1.90000000000001
1.70000000000001
1.90000000000001
2.00000000000001
8
2.50056124562001
8
2.50045687460001
2.50000000000001
2.50056124562001
2.50045687460001
2.50125560000001
2.50045687460001
1.90000000000001
1.80000000000001
2.00000000000001
1.80000000000001
2.00000000000001
2.10000000000001
2.50000000000001
6.57275803722504
2.50056124562001
2.50045687460001
2.50045687460001
2.50000000000001
2.50056124562001
4.33265656989898
2.50125560000001
2.50045687460001
2.10000000000001
2.30000000000001
2.20000000000001
1.80000000000001
2.20000000000001
2.10000000000001
2.30000000000001
2.20000000000001
1.90000000000001
1.80000000000001
2.10000000000001
1.90000000000001
2.10000000000001
2.20000000000001
2.30000000000001
6.57275803722504
2.50056124562001
2.50045687460001
2.50045687460001
2.50000000000001
2.50056124562001
2.50045687460001
3.56659898948484
2.50045687460001
2.10000000000001
2.30000000000001
2.20000000000001
1.80000000000001
2.20000000000001
2.10000000000001
2.30000000000001
2.20000000000001
1.90000000000001
1.80000000000001
2.10000000000001
1.90000000000001
2.10000000000001
2.20000000000001
2.30000000000001
6.57275803722504
2.50056124562001
2.50045687460001
2.50045687460001
2.50000000000001
2.50056124562001
2.50045687460001
2.50125560000001
2.50045687460001
2.10000000000001
2.30000000000001
2.20000000000001
1.80000000000001
2.20000000000001
5.25659888454548
2.30000000000001
2.20000000000001
1.90000000000001
1.80000000000001
2.10000000000001
1.90000000000001
2.10000000000001
2.20000000000001
2.30000000000001
6.57275803722504
2.50056124562001
2.50045687460001
2.50045687460001
2.50000000000001
2.50056124562001
10
2.50056124562001
2.50045687460001
2.50045687460001
2.50000000000001
2.50056124562001
2.50045687460001
2.50125560000001
2.50045687460001
2.10000000000001
2.30000000000001
2.20000000000001
1.80000000000001
2.20000000000001
5.25659888454548
2.30000000000001
2.20000000000001
1.90000000000001
6.57275803722504
2.10000000000001
1.90000000000001
2.10000000000001
2.20000000000001
2.30000000000001
10
2.50056124562001
2.50045687460001
2.50045687460001
2.50000000000001
2.50056124562001
2.50045687460001
2.50125560000001
2.50045687460001
2.10000000000001
2.30000000000001
2.20000000000001
1.80000000000001
2.10000000000001
1.90000000000001