7.913117546848381
0.928164196123147
0.9255986316989738
0.6377142857142857
0.6416118891111746
0.9591954022988506
0.958632576845734
1.2081291438454886
1.2108294930875576
1.9280762564991334
1.9263856812933025
1.0325742288844046
1.032564841498559
1.4004041570438799
1.398730525100981
1.0503617945007235
1.0479630164692286
1.4019097222222223
1.4048582995951417
1.5299392536881689
1.52820364477871
1.6281421554464028
1.6318379160636758
1.90625
1.9147579008408235
0.8093171296296297
0.8089595375722544
0.6545349508954361
0.6540571758590817
1.2975397973950795
1.2973364215402432
1.6713872832369943
1.6756210283073367
1.0347701149425288
1.0338885697874785
0.9055793991416309
0.9043528064146621
0.234036488027366
0.23267750213858
0.3871977240398293
0.385425562197552
0.2590378593794478
0.25697211155378485
0.27897727272727274
0.27893090702303097
2.8659090909090907
2.8658709860755898
8.215970446149475
8.21075085324232
0.6518518518518519
0.6506127101738387
0.8357612110825479
0.8336192109777015
0.836436551131481
0.839541547277937
1.4420206659012629
1.4435831180017227
1.1359055571551973
1.1348863963186655
1.4985632183908046
1.5007190106413575
1.6261870503597122
1.6237766263673
1.2821325648414985
1.2834486735870818
1.6685862366829831
1.6652274035693724
1.6063309352517985
1.6035128131298588
1.397528025294625
1.4020707506471095
1.5107727664464234
1.5166666666666666
0.7979913916786227
0.7964398507034166
1.7016939420040196
1.700574712643678
2.0759056929269697
2.073093525179856
1.1090074584050487
1.109038737446198
0.4937070938215103
0.49384483252218725
0.1689980017128176
0.16818960593946317
0.3333333333333333
0.33323839362005125
0.25362937660119556
0.2527754056362084
0.2858766695083831
0.2869318181818182
0.7171688459351905
0.7170454545454545
1.9891953369348876
1.9880613985218873
7.300142247510669
7.303099232300256
0.518666286691365
0.5169563978341408
0.6039406053683609
0.6027984009137636
1.0912732474964235
1.089816933638444
0.903068540292515
0.8990825688073395
1.1912270642201834
1.1902578796561605
1.697134670487106
1.6901691028948123
1.115351506456241
1.1130884041331803
1.6708788052843193
1.6634118322802987
1.0843373493975903
1.0849598163030998
0.8370157819225251
0.8363949483352469
1.8566091954022987
1.8546812176909822
1.3467278989667049
1.3490376328641196
0.9942594718714122
0.997128911857594
0.9735784032165422
0.973585989089865
1.8190175237000863
1.8204022988505748
1.0057405281285878
1.0017221584385763
1.3727403156384506
1.373528567327017
1.138602520045819
1.1380297823596792
0.9988597491448119
0.9988590986879635
0.6652458084683148
0.6687517770827409
0.2948863636363636
0.29553850525717534
1.2272081794944618
1.2313157146916738
2.4615603644646926
2.458558815152378
7.1560545764639
7.163967036089798
0.8802736602052451
0.879418472063854
1.1536264991433467
1.1514285714285715
0.6857633915783443
0.685190489830994
0.8147084171215168
0.8156232050545663
1.1640804597701149
1.1674325100516945
0.48436154949784793
0.48407460545193687
1.1662345145491213
1.1646991073999424
1.6825122443099971
1.6839378238341969
1.9536290322580645
1.9623021582733813
0.7773943054357204
0.7761795166858458
1.7919424460431654
1.7929743737402821
0.9030773655450101
0.899913718723037
1.071202985931668
1.0737869652598335
1.0017251293847038
1.0005745475438093
1.3362118595279218
1.3409221902017292
1.5490083357286577
1.5499568096746328
2.3737083811710677
2.3846153846153846
0.6793478260869565
0.6810764385914686
1.0968294772922023
1.0928571428571427
0.03500284575981787
0.034738041002277904
0.16766126740551293
0.16856168277430358
0.7956225127913588
0.7959067652075043
2.9423131571469168
2.948849104859335
7.275049673573659
7.2768794326241135
0.5862560593099515
0.5832383124287344
0.8290940268648185
0.8288571428571428
0.845756880733945
0.8425580728419845
0.9574834817581155
0.9603448275862069
0.8761138258120149
0.8729519977004886
1.5919540229885059
1.5922944220816562
0.8333812949640288
0.8361646991074
1.7409221902017291
1.746031746031746
1.7277970011534025
1.7250144425187752
0.9746397694524496
0.9731833910034602
1.7760806916426513
1.7777777777777777
1.995378393991912
1.9965357967667436
1.506632064590542
1.509662532448803
0.9441405125251944
0.9463667820069204
0.9933641084824004
0.9910533910533911
0.9749784296807593
0.9783923941227312
0.8299339270324619
0.8282596209075244
0.8254149971379507
0.8223175965665236
0.757774607703281
0.7612792689891491
0.8060381657647394
0.8042177258478199
0.3871517907902217
0.38971006253553153
0.3276499005399261
0.32802728823195
2.5113636363636362
2.5135058288313905
7.907102272727273
7.911906791702188
0.33437856328392246
0.33257338273012255
0.913167666381034
0.9128073184676958
1.0088927137119907
1.00947187141217
0.8654566407375396
0.867761452031115
1.0781430219146482
1.0781204958201211
1.2882675122513694
1.2880622837370241
1.1174264281592614
1.116916859122402
0.9296307066007561
0.931024447031432
1.6815949147645188
1.678406466512702
1.656078544614496
1.659163059163059
1.3447976878612717
1.3476754259312735
1.3946304849884525
1.3976286871023713
1.496969696969697
1.4987005486572336
0.9621824480369515
0.9639769452449568
1.570561017929439
1.56605955478462
1.993081579705967
1.9841224018475752
1.2604824813325675
1.2585463947141626
0.6344886851904898
0.635790077430456
0.47191331622469346
0.4740444951511694
0.22702702702702704
0.2274409336749217
0.17111995451961343
0.17116860961046346
0.5355315520181921
0.5362318840579711
3.80625
3.808577108775916
7.405673758865248
7.4
0.6924173318129989
0.6948088990302339
0.8376679051157474
0.8383867276887872
0.7514334862385321
0.7504302925989673
1.6230924272962857
1.6189516129032258
0.9974070872947277
0.9985607369027059
1.91345600920069
1.9211510791366906
1.7264341308734505
1.7266705069124424
1.2871172732524552
1.2924364896073903
1.111207394569613
1.1078658183921342
1.3949798038084247
1.3896591565569034
0.9907647907647907
0.9896043892578689
0.9780727062896711
0.9821016166281755
1.4452449567723342
1.4485145659071244
1.1871580765908436
1.1862208129143845
0.6331122007499279
0.6356544351343543
1.4197174978379936
1.423963133640553
1.234348075818495
1.2280953748922723
0.6097421203438396
0.6090570364001147
0.4523401826484018
0.4518983728232943
0.5295959021058623
0.5284738041002278
0.2945692351435883
0.29425156516789985
0.16462894512368495
0.16372939169982945
2.702840909090909
2.7019886363636365
7.744040862656073
7.754042553191489
0.26132801367911085
0.26168757126567843
0.8273792512146327
0.8279016580903373
1.2614942528735633
1.2588978185993112
1.1003749639457745
1.1005763688760808
1.2861680623736644
1.286002886002886
0.806163594470046
0.808124459809853
1.5090961593993648
1.5118291979226774
1.533102052616363
1.5409788589632203
2.1334298118668595
2.1341251448435687
1.9311143270622286
1.930535455861071
1.0312409603702632
1.0327346465816918
1.26498696785404
1.2702546296296295
1.4004047412546978
1.407460960092539
0.9786188962727536
0.9760323419000866
1.0142028985507245
1.0144759698899826
1.0910141577578734
1.0932717297141208
1.6839378238341969
1.681922855497985
0.7800057290174734
0.7770463651974814
0.3116623895067009
0.31100342075256554
0.2963594994311718
0.2950213371266003
0.20261437908496732
0.2035825988058004
0.38846263142938336
0.38948863636363634
2.544318181818182
2.5414772727272728
8.265474162407722
8.279909065075305
0.2084402623324779
0.20889142205756625
0.33038010860245787
0.33114473308592635
0.5619266055045872
0.5618364418938308
1.3649425287356323
1.370146678170837
1.1403508771929824
1.139568345323741
1.4385611510791367
1.4405413187446012
1.9067088972070256
1.9073114565342544
1.1416209979809633
1.1381597923276607
1.2177675223536197
1.2212925562608195
0.5927953890489913
0.5929127052722558
1.3529919447640966
1.351857183990786
1.4101236698303135
1.4119342750072066
1.2955721679125936
1.2949123311296349
1.3443708609271523
1.3454231433506045
1.3229347198151358
1.324870167339873
1.3538727325079183
1.3521288837744534
0.8022355975924333
0.8059059633027523
0.474
0.4734285714285714
0.5948717948717949
0.5970361926474779
0.8662112154853402
0.8664958724736692
0.5265700483091788
0.5282750781472009
0.5504404660414891
0.5501562944018187
1.8038658328595794
1.8034698521046644
7.837876206700738
7.842045454545454
0.45265259555048487
0.4522111269614836
0.31942857142857145
0.32152043440983136
0.4369988545246277
0.4369988545246277
1.5279609979925437
1.5309810671256454
0.562661313449957
0.5633964429145152
0.9019495412844036
0.9001721170395869
1.1663793103448277
1.1630716134598793
1.0114975567691866
1.0077608508192009
1.4374460742018982
1.4302559677883233
1.4633515377982178
1.458153580672994
0.9151079136690647
0.9168584579976985
1.2881404720782959
1.2858376511226253
0.6482440990213011
0.6467203682393556
1.2146762589928057
1.2167530224525043
0.829057365234938
0.8290647482014388
1.076036866359447
1.0742659758203799
0.7900631820792647
0.7873134328358209
0.59129937034917
0.5920412253077584
0.8719338277239019
0.8661147587781901
0.22857956162823798
0.22857956162823798
0.12663631189527605
0.12660028449502134
0.6297981234006256
0.62951379016207
2.947383390216155
2.953924914675768
10.37129840546697
10.375676445457135
1.3111808328579577
1.3109843081312411
0.32198053806525473
0.3211219232970807
0.7123995407577497
0.7121125143513203
1.1874640598044854
1.19102416570771
1.5018683529749928
1.502875215641173
0.8886337543053962
0.8932261768082663
2.136599423631124
2.140017286084702
2.209235209235209
2.206289671090594
1.072459584295612
1.0712842712842714
1.2285714285714286
1.229858504187121
1.36106296938186
1.3603811723938781
1.2057803468208093
1.206587691418665
0.9714532871972318
0.9677047289504037
1.6705035971223021
1.6716589861751152
1.7128397917871603
1.7140381282495667
1.8676088837611768
1.8675706866705135
0.8886971527178602
0.8873239436619719
0.6559725007161272
0.6553995989687769
0.7042857142857143
0.7009719839908519
0.2685290763968073
0.2688141391106043
0.588854137048621
0.5887372013651877
0.6517780938833571
0.6512091038406828
2.4308873720136517
2.429749715585893
7.430520034100597
7.4254835039817975
0.4443493150684932
0.4456180416785612
1.2365560640732265
1.2323319027181687
1.9681309216192937
1.9635267087880528
1.4923609109253386
1.4924985574148875
1.324963924963925
1.3223665223665224
1.3222926267281105
1.3234447004608294
0.8036332179930796
0.8051385681293303
0.9037850332273909
0.9063854377347588
2.3122827346465815
2.3125904486251807
1.3074704355350446
1.304410492937446
1.6088837611768099
1.6016705069124424
1.9486439699942297
1.9508670520231215
1.1622478386167148
1.1570438799076213
0.8633486766398158
0.8657834101382489
0.6176470588235294
0.6186905105278339
1.4170752812229592
1.4169550173010381
1.382471264367816
1.3784172661870504
1.6224519092736147
1.6244979919678715
1.023965763195435
1.019691780821918
0.2560524067217317
0.25754985754985754
0.255125284738041
0.255621975519499
0.6156907333712337
0.6142247510668564
2.066249644583452
2.071651976116008
7.739488636363636
7.730506545247581
0.8379457917261056
0.8399429386590584
1.3683156991707177
1.369639794168096
1.055156564205688
1.053402239448751
1.4635761589403973
1.4655718813022183
1.1889241419094319
1.1879330254041571
1.680323139065205
1.6858215420155933
1.2272333044232437
1.2217730291654634
2.090303907380608
2.0915942028985506
1.6726431463273568
1.6727430555555556
2.0953757225433525
2.0942196531791906
1.7736613603473228
1.7738577212261424
1.4114749348015068
1.4140625
1.1455018802429853
1.1433526011560693
2.8293948126801154
2.827626233313987
2.5250506805676225
2.519826338639653
1.259676487579434
1.2651471436814772
0.7755747126436782
0.7725704427832087
0.9862464183381089
0.9845360824742269
0.42738707833047457
0.4287346472436447
0.3487179487179487
0.3474793506123611
0.2883959044368601
0.28924914675767915
0.4355985214671595
0.4344984370559818
2.0667993177942012
2.066193181818182
7.813211845102506
7.828782707622298
0.4152397260273973
0.41317365269461076
0.5662754079587747
0.5646083476272156
1.234922458357266
1.2385189437428243
1.828332371609925
1.8312662244014999
1.507066628208826
1.501729106628242
1.3636363636363635
1.3632700057570524
1.5314302191464821
1.530123955030268
1.263523286086202
1.2651821862348178
1.4927703875072296
1.496242774566474
0.7961249277038751
0.7994219653179191
1.4180872580179138
1.4198208610228258
1.6254335260115607
1.6204506065857887
1.2560623556581987
1.2567060859532737
1.2472622478386166
1.2482004031097034
1.2414789139225881
1.247255921432698
1.9217893217893218
1.914961083885846
0.8831131533601378
0.8830795748348176
0.6757298225529479
0.6753507014028056
0.5993708893337146
0.5977142857142858
0.2277255906632508
0.22759601706970128
0.19533693488768836
0.1959613196814562
0.18401592718998863
0.18344709897610922
2.3158793397837223
2.316268486916951
7.506545247581104
7.504125177809389
0.941528807758129
0.9404049044767607
0.7655132971118102
0.7667905115747357
1.3317073170731708
1.327878265862762
1.0112521638776688
1.0072046109510087
1.25612921834439
1.2601555747623163
1.7152336987882284
1.7164651698330455
1.2326118326118327
1.2338337182448036
1.6057803468208092
1.6065336802544088
1.1439284684164983
1.1445086705202312
1.0586705202312139
1.062680531484691
1.165942658557776
1.1682594845062264
1.634315424610052
1.6327830871705764
0.5942658557775847
0.5925282363162467
1.3211194460473168
1.3238948280843688
1.388647552852592
1.3888888888888888
1.1996542783059636
1.198789974070873
0.7805228382648665
0.7795977011494253
1.2915234822451318
1.290414878397711
0.7797432239657632
0.7778094694808899
0.16107000569151964
0.16135458167330677
0.09894796701734433
0.09835133598635588
0.8707019039499858
0.8730113636363637
2.1285551763367465
2.1302616609783844
7.184733257661748
7.18321043675553
0.5012831479897348
0.5035642999714856
0.42395654659805604
0.4268571428571429
0.9905335628227194
0.9902467010900746
1.4497126436781609
1.4422081656124208
1.25913143514524
1.2574798619102416
1.1904487917146145
1.18521714121369
1.0804730314392847
1.0794701986754967
1.2456697459584296
1.2425728295356215
1.3470503597122303
1.352433054995681
0.6543778801843319
0.6542002301495973
1.0440161104718066
1.04228998849252
0.8142939150401837
0.8143678160919541
1.1857594028136664
1.1815048822515795
1.5421928817451205
1.5390804597701149
1.3250863060989644
1.3293103448275863
1.2675854148722365
1.2622196664749856
1.0555873925501433
1.0550143266475644
0.4002857142857143
0.4000571102227299
1.0864232743867654
1.083880171184023
0.29985775248933144
0.3000284656988329
0.04007959067652075
0.039795338260375214
0.3927758816837315
0.39266420244526584
1.8093883357041252
1.8093883357041252
7.111079545454546
7.116160181766544
0.30699001426533523
0.3067047075606277
1.065676756139349
1.0636960868323335
0.7827082736902377
0.7807042656742056
1.1176808266360505
1.119552752293578
0.6774748923959828
0.6779563719862227
0.8058503011184399
0.8041296243188988
1.063578826237054
1.062912956047113
1.0601438848920863
1.059348890809565
1.177758571016998
1.1776050662061024
0.9726775956284153
0.9706812302385743
1.1778417266187051
1.1813202652061112
0.8540587219343696
0.8549222797927462
0.9712313003452244
0.9660431654676259
0.8658220558594875
0.8636363636363636
1.333910533910534
1.3340063455436977
1.7697179044329303
1.769939533544486
1.8337639965546941
1.828219099512475
0.42689556509299
0.4275901545506583
0.35082715345122645
0.3486447931526391
0.32773826458036986
0.3266002844950213
0.32461625923820353
0.3212052302444571
0.5314009661835749
0.5288434214265416
2.5022753128555175
2.5012794995735
7.285511363636363
7.288270377733598
0.4885974914481186
0.48845166809238666
0.39120502569960025
0.3887460725506998
0.5727403156384505
0.5729853742472039
0.886337543053961
0.8879310344827587
1.2627800114876508
1.2583333333333333
0.9736087205966724
0.9707401032702238
1.2012055109070034
1.200574712643678
1.1370967741935485
1.1356566820276497
1.2889208633093525
1.2877304147465438
1.5119424460431654
1.5132412204951065
1.2692972350230414
1.2695852534562213
1.651986183074266
1.6546762589928057
1.380431654676259
1.3784172661870504
1.2134444125251365
1.2137931034482758
1.7605187319884725
1.7623163353500433
1.661578341013825
1.655251798561151
0.6327878265862762
0.6298104537622057
0.7012020606754437
0.6980538065254722
0.6974885844748858
0.6948088990302339
0.784514659834899
0.7865072587532024
0.7849829351535836
0.7856736782262649
0.41178144564598745
0.40813424345847554
1.4215017064846416
1.4183731513083049
7.780868577916548
7.782411347517731
0.7436555460507557
0.741733181299886
0.7372784448256147
0.7390062821245003
1.3367756741250718
1.336295871559633
0.9942446043165467
0.9922302158273382
1.493663594470046
1.4955344281186977
1.0520563704342825
1.048248133256749
1.1841726618705035
1.1844073647871116
1.3054272517321017
1.3043981481481481
1.1925626981839146
1.1917609515520742
1.1631123919308357
1.1641705069124424
1.2497116493656286
1.2520184544405997
0.9702484113229347
0.9679746105020196
0.6335350043215212
0.634111207144915
0.5793103448275863
0.5772217428817946
0.739042675893887
0.7378277153558053
1.2618841832324978
1.2597290285384837
1.7688774045363194
1.7728969279356876
1.0237890513040986
1.0217640320733103
0.3910933485583785
0.39006282124500286
0.24316628701594534
0.24288154897494305
0.22958748221906117
0.23094425483503983
0.11746302616609784
0.11778093883357041
1.627027027027027
1.6268486916951082
7.131855640807047
7.1318931210915295
0.38487874465049926
0.38619509412435826
0.579233409610984
0.5796396911638547
0.7894283251939098
0.7851192186153404
2.3253602305475503
2.321418276160277
1.6813852813852814
1.6766743648960738
1.3747119815668203
1.3671942446043166
1.3894341801385681
1.3824460431654677
1.4402769763416041
1.4454072790294628
1.7207285342584562
1.7311921296296295
1.8076923076923077
1.8052585957815661
1.7114327062228654
1.7084539664157499
1.1037872217403875
1.103587962962963
1.113997113997114
1.1192952050837666
1.5394166907305804
1.5395496535796767
1.5303819444444444
1.5335648148148149
1.3577822697083453
1.3579463513123737
1.4446680080482897
1.4518539810290314
0.7440595476667621
0.7436998854524628
0.8701113331430202
0.8698630136986302
0.6605870618409804
0.6597321174123681
0.8128555176336746
0.8133712660028449
0.21109530583214794
0.2083096186681844
1.3633001422475106
1.367103016505407
7.300569800569801
7.30088243666382
0.6661907481439178
0.668