6.941043723554301
0.848939179632249
0.9628579529345053
0.7147727272727272
0.9447450868698376
0.9988581216100485
1.0945599544289377
0.814994298745724
1.2996575342465753
1.1483594864479316
0.6895667046750285
1.055872291904219
1.0775370581527937
0.5771964742678419
0.5767150583546826
1.106522358302478
1.1027319294251565
0.8745031232254401
0.7802665154522257
0.4968891402714932
0.2973431317128321
0.40644431882419446
0.4652345958168457
0.8847678369195923
6.722425952045134
0.33824362606232294
0.7346938775510204
0.3610559182514902
1.0241477272727273
0.8313458262350937
0.5709823963657014
0.7632177373507675
0.6757679180887372
1.2265224815025613
1.2641616851693709
0.6667616063799487
1.3222317107884998
0.908651109846329
0.7680705748434832
0.6706518645032735
0.9277177006260672
0.5803698435277382
0.588718820861678
0.8397962071893574
0.7790336253178864
0.361503674392312
0.6245405711054566
2.1589235127478754
6.242099322799097
0.7577903682719547
0.9906409529211572
0.45
1.1112692088787706
1.1646723646723647
0.7961910176236499
0.7148960410139561
1.136869118905047
1.7314497716894977
0.8604053668284328
1.004278379920137
1.0599315068493151
1.4461231470923603
1.002849002849003
0.8323336189660097
1.6014823261117446
0.4985771200910643
0.30190286850326614
0.588218634947607
0.3914520237758279
0.3555869872701556
0.39722929035906135
1.4794791961505802
6.184871577758961
0.3903061224489796
0.5907543959160522
0.8631578947368421
0.9725714285714285
1.185608223872073
1.7131849315068493
0.8010276905509564
1.498997995991984
1.3035253654342218
1.1625107480653483
1.654232424677188
1.4947006588370095
2.0796789911149327
1.1224256292906178
1.3203911417888985
0.6281133695963356
1.1232564759464845
0.7364539007092199
0.351925254813137
1.0500424088210347
0.560056657223796
0.3763076053152389
1.2987270155586987
6.3386004514672685
0.5741789354473387
0.48171250354408846
1.654054054054054
1.195310265942236
0.6207093821510298
0.6066323613493425
1.2519280205655527
0.420662100456621
1.1808571428571428
1.2510723477266228
0.8978248425872924
1.1694333142530051
1.1840367499282227
1.177548682703322
0.9807526572823901
0.7298768261243197
0.8073080216956894
0.790505969300739
0.4634560906515581
0.3376696832579186
0.6836301950805768
0.7354437535330696
1.2627262443438914
8.520451339915374
0.31587885649589587
0.37471655328798187
0.8541310541310542
1.1049771167048055
1.149540757749713
1.5220630372492836
1.1831995412844036
1.3745329117562517
1.379815986198965
1.34454989933851
1.546314883854316
1.097274031563845
2.0701001430615165
1.6152080344332855
1.4350574712643678
1.6623748211731044
1.034541821296032
0.7258522727272727
0.3461756373937677
0.7186085972850679
0.5955342001130582
0.23599320882852293
1.7079796264855687
6.141123341800734
0.8060039648824695
0.7925652667423383
1.2242165242165242
1.6794614723574908
0.7063218390804598
1.3744985673352434
1.4945402298850574
1.404555940023068
2.0583983810349813
1.661764705882353
2.4953863898500575
1.2569945197577157
1.981833910034602
1.80903077365545
0.8475310424487439
1.189491817398794
1.5905982905982905
0.8264697529111048
0.6327859569648924
0.23805484874187163
0.5103136479231422
0.6699660633484162
1.1889140271493213
6.914575697772766
1.0619869799037644
0.9347702779353375
0.9135381114903299
1.2741290691033695
0.9559874249785653
1.4289390906491277
1.9561353211009174
0.9315698677400805
1.1783768282190996
0.8291284403669725
0.795766590389016
1.2901658090337336
0.9427513528909143
1.8371363377067884
0.9920068512703397
1.0062660210766163
0.43863636363636366
0.5477201925800057
0.5055131467345207
0.5730432325515682
0.7345382660265461
0.5844155844155844
1.2107940096072336
6.701833568406206
0.5220588235294118
0.966846132048739
0.7078364565587735
1.41273450824332
0.5942646223736513
0.5595001420051122
1.091555302814899
1.0922288642186166
1.1094640820980615
0.7373074729035939
1.3101482326111744
0.9595441595441595
0.9294050668943923
0.6892623184277984
1.0530367835757057
0.8712984054669703
0.6949971574758386
0.8859897901304594
0.6789354473386183
0.34557784684939247
0.40067815767165865
0.4096045197740113
1.2885431400282885
6.125953120587405
0.9920792079207921
0.6729951827713233
1.2952867688813174
1.2229190421892817
0.4676914318246513
0.4975845410628019
1.0574843483210017
1.266609637867123
0.8774985722444317
0.9392123287671232
1.748713550600343
0.6783876500857633
0.9859919954259577
1.3274437161584498
1.3929694198342384
0.6564732780794512
0.46002844950213373
1.0471323111868256
0.6424122310305775
0.49392140231834886
0.9336345665066366
0.3728813559322034
1.0746184284906728
5.986745628877609
0.5169683257918553
0.6619438934542363
0.9823763501989767
1.8918687589158345
1.9115296803652968
0.5814550641940086
0.7703281027104137
1.248427672955975
0.9058924485125858
1.195764167143675
1.5657028342399084
1.4926955027212834
0.8497854077253219
0.9674471730439749
1.3773693279724297
1.0208810068649885
0.48818673498434384
0.749929118230791
0.3975664968873797
0.5257207461842849
0.7495052304212609
0.7538896746817539
1.206798866855524
6.897196261682243
1.020199146514936
1.173165137614679
1.1624927198602213
1.7056905749851807
1.0673190984578884
1.3513115237253168
1.6121122599704578
1.279630732578916
1.7295690936106984
1.5166369578134284
0.7834375930890676
0.8105608591885441
1.1290418273509344
1.8726591760299625
1.949132608056454
1.3087071240105541
0.7736887858591712
0.6093436514760676
0.19460227272727273
0.5338622839331255
0.39767902632323804
0.6658170489946191
2.7941093174738034
6.145361990950226
0.7213859698949162
0.9036213287710294
1.1634005763688762
1.3279211365613222
1.2722497811496936
1.148428405122235
1.0005839416058395
1.5756240822320118
0.9041055718475073
0.6296513331380018
0.5435356200527705
1.4802941176470588
1.1669102601578485
1.3698311007571344
1.042360502483202
1.6622054116962468
0.7840023101357205
0.6967963386727689
0.6487791027825099
0.6952461799660441
0.6493065383526748
0.3701188455008489
2.050184292599943
6.10115851935575
0.705932443939824
1.2630379025363352
0.9706812302385743
0.8135593220338984
0.9451773673409557
0.9304626127436718
1.2639253426655002
1.3527165932452276
1.5039764359351988
1.036873156342183
0.9825185185185186
1.0161049806143752
1.4058876003568244
1.3855063855063856
1.4445440956651718
1.843491124260355
1.07983682983683
0.7251361421610777
0.8451704545454546
0.6546742209631728
0.6139903709997168
0.7159444916454262
1.7229461756373938
6.085924250989259
0.8641273450824332
0.6348298541607091
0.8723527705250943
1.0212891780011828
1.1718100890207714
1.971310263235729
0.9777382012466608
1.4700981850639692
0.8224605302353292
0.6881656804733728
1.2104798351486605
1.0475773496789258
0.9109170305676856
0.7378102189781022
0.9838425381903643
0.8997084548104957
0.6685895586962792
0.7854089484183528
0.8184397163120567
0.7606789250353607
0.18629671574178935
0.22709276018099547
1.6535522219077272
6.261373269285109
0.2872159090909091
0.4239657631954351
0.5596541786743516
1.1509159639430067
1.3871906841339157
0.5347624565469293
0.7777129521586931
0.7444117647058823
0.72218952324897
1.3677552221241542
1.1904061212477928
0.7535252643948296
1.0409476455103832
1.3155425219941348
1.002658788774003
1.7259106933019976
0.6071116292626056
0.5510907003444316
0.5231731589422803
0.370643241711533
0.3793201133144476
0.2991791678460232
1.7759500850822463
7.024335031126203
0.29026750142287994
0.8279600570613409
0.9846599131693198
1.1989452094931146
0.5716374269005848
0.972737819025522
0.9315913094539049
1.8758498374224062
1.2127407407407407
1.000593471810089
1.8364985163204748
1.57592867756315
1.2628318584070797
1.0267254038179148
1.5041543026706232
0.5642836128273021
0.9786736780601811
0.4005167958656331
0.3838268792710706
0.4519421604763255
1.088568194680249
0.3458816869515992
1.9002832861189802
6.528248587570621
0.3728331912475135
0.4935659136402631
0.7069565217391305
1.4794682422451995
1.2877442273534636
0.5850160959906351
0.8215022091310751
1.058139534883721
1.0167114294240525
1.896541443053071
1.0439038860872145
1.398337785693084
1.2284787735849056
1.2254352316317498
0.7624292944328669
1.206896551724138
1.2523961661341854
1.2619047619047619
0.8332859982959386
0.38346077598414047
1.1010472686102462
0.3273910582908885
2.016439909297052
6.879027699265121
0.6868256672345259
0.9771754636233951
1.0702515177797052
0.7063120981881941
0.9135657779079989
0.9568764568764568
1.5403508771929824
2.1898584905660377
0.6334519572953736
0.8599348534201955
0.9896694214876033
0.7859865142187042
1.2400816802800467
1.1323273360417876
0.9956191588785047
0.8157434402332362
0.6504770164787511
0.9425057208237986
0.5253756733768075
0.6103565365025467
0.5672233229549958
0.23507779349363508
1.9396942242355606
6.462277479513987
0.2583664208735111
0.40836653386454186
1.2956896551724137
1.6666666666666667
1.1919279907084785
0.8060220034742328
1.148428405122235
1.235997666277713
1.0869819030939871
0.7157802964254577
1.1357952893282932
1.131993006993007
0.9072254335260116
1.01768115942029
1.8666472133060987
0.7748842592592593
0.9327006039689387
0.39685714285714285
0.29682179341657206
0.24567866251062623
0.8273910582908885
0.1536502546689304
2.7869688385269122
6.312711864406779
0.812358276643991
0.9106685633001422
0.4736389684813754
0.6398378691372322
1.117578916883869
1.2580179138977174
0.8791907514450867
1.2003489386449548
1.1682678311499273
1.8227259517582097
0.9630384167636787
0.9912459877443829
0.457209167391935
2.202026049204052
0.731304347826087
0.15333525844643373
0.25959885386819487
0.5776574522656027
0.580755038319614
0.6242921857304643
0.6909142371921879
0.5424448217317487
0.945624468988955
6.282608695652174
0.5194547003692133
0.8004554511813265
0.6061908856405847
1.3888727904955085
1.2653946227233304
0.5280346820809249
0.43585288155227336
1.234215885947047
0.48256827425915166
0.5111561866125761
1.0321087648249927
0.817762399077278
1.0686979016958895
0.7432198499711483
1.4284475281873374
0.31815561959654176
0.3277046365197481
0.7299373932840069
0.621568072459666
0.21069004524886878
0.3522598870056497
0.4925120090421023
1.8123407868666854
6.737644733126236
0.9886589169265665
0.46276293348493464
0.8874285714285715
0.4614723574906903
0.5091585575271894
0.5857632933104632
1.1271841879117732
1.0138010350776308
0.780241935483871
0.5448255981550879
0.7956772334293948
1.14034074501877
0.3810756399194708
0.8877374784110535
1.2402653591000865
0.7045781744889145
0.5727766657134686
0.34310933940774485
0.4869540555870675
0.6014718369657515
0.35661764705882354
0.7323903818953323
1.9714123973959807
5.267438576673256
0.49177538287010775
0.5490753911806543
0.5312767780634104
0.26578645235361653
0.8185993111366245
0.510151558478696
0.5252293577981652
0.6744454047824834
0.3221612250794568
1.0078351712130005
0.9247685185185185
1.8782961460446248
0.7406872653768409
0.9991341991341991
1.0465587044534412
0.9005477082732776
0.6644699140401146
0.5187927107061503
0.9446651532349603
0.3717440543601359
0.3160577740016992
0.4720022624434389
1.8171525615624116
6.44789607455521
0.5439591605218378
1.338452787258248
0.5735546651402404
0.694284064665127
0.6084198385236448
0.594656707842574
0.8242737992522289
1.0404040404040404
1.2648507678933643
0.7646207295888825
1.2513058618688335
0.34641092705608834
1.0907509423021167
1.033795493934142
0.7696793002915452
0.8701936976004626
1.1212729357798166
0.4624821683309558
0.5122089721749006
0.7087461081234079
0.4582507783753184
0.38317757009345793
1.1978488536654401
7.771186440677966
0.27484383872799545
0.33352305065452476
0.3705932932072227
0.8906204906204906
0.7185784455359723
0.8274374460742019
0.7677697841726618
1.229858504187121
1.2393632416787266
0.701276102088167
0.9367015098722415
0.9417391304347826
0.9997112330349408
1.282702858792954
1.030223772159256
0.6088965915655691
0.6067933218192285
0.7569960022844089
0.6507666098807495
0.8654772019258
0.32361268403171006
0.23599320882852293
1.4618439716312057
6.381073446327684
0.4120317820658343
0.6014245014245014
1.2185792349726776
1.06102877070619
0.8072009291521487
1.2260214430599825
0.6187029530978576
0.9083260806498404
1.2640139413302354
1.301980198019802
0.9618298368298368
0.9764123471170646
0.7629586488060571
0.9228538283062645
1.1108841552378173
0.9739583333333334
1.1810344827586208
0.6048502139800286
0.4250851305334847
0.42044167610419025
1.0650820599886814
0.16666666666666666
1.602436950977614
6.885843458604126
0.2558205565019875
0.6471257825839499
0.6091822094691535
0.9250435793143521
0.7694767441860465
1.2399767576990122
0.88121387283237
0.6130346232179226
1.0667055053888728
0.6016899766899767
0.38918128654970763
0.8636098130841121
1.3041836141778036
0.6670530281077949
1.020681619574716
1.2545665410263844
0.37743972445464985
0.3884933067502136
0.5567536889897844
0.5400509482026606
0.6186704384724186
1.000848656294201
1.0967101531480432
6.6807909604519775
1.437358276643991
0.5119453924914675
1.2310996563573884
0.7360669939358937
0.7137096774193549
0.24195402298850574
0.6324122049510651
0.5087921591236667
0.3762975778546713
0.8293879907621247
0.5090543259557344
0.7512223180903077
0.7446991404011462
1.0028719126938541
0.659568345323741
0.4754521963824289
0.8565714285714285
0.350967007963595
0.7119796091758709
0.3132427843803056
0.5886344359626803
0.4696070115917444
1.1714770797962648
5.73835732430144
0.637935922880635
0.43035815804434335
0.45511720983419096
0.6643737460590428
0.5319392724147809
0.6395648439736616
0.7927773000859846
0.4405070584845866
0.5251009809578765
0.9403286249639665
0.37644341801385683
0.8482400461627236
0.9798445148286784
1.0723760092272203
1.166714738967407
0.9833189531205062
0.4997134670487106
1.0344729344729344
0.34382978723404256
0.2976796830786644
0.622737556561086
0.9007352941176471
0.8406002265005662
6.131244707874682
0.2339098383895662
1.0668753557199773
1.1298255647698028
1.0722718111143104
0.6586067933218193
0.6871412169919633
1.2997705106138842
1.4508220363426594
0.31984975440624097
0.9731058415268942
0.9534278275961816
0.46409959467284306
0.7505059265683723
0.812933025404157
0.6546929316338355
1.3993637941006363
1.2452284557547715
0.977116704805492
0.6906659077973819
0.6916973646925475
0.3453257790368272
0.5273138975375036
0.6671384092838947
6.297824244136762
0.6674233825198638
0.5787524921674737
1.02020202020202
0.7987697715289982
0.9251540945113003
1.453566229985444
0.9454705364995603
1.76771537783005
0.948997641509434
1.063660477453581
1.0150442477876107
1.0904270986745213
1.0614705882352942
1.6950396243029058
1.0349319123741858
0.9150058616647128
0.5971014492753624
0.2794159748067564
0.2559066325078281
0.3006517427033154
0.9963183234211271
0.5246179966044142
0.8376844494892168
6.775550536420102
0.31820760068065795
0.8703334283271588
1.114773055796473
1.0194003527336861
1.1954532034248597
0.7213450292397661
1.1194950088079858
1.2553191489361701
1.0578683200472394
0.8060141509433962
1.6669613910993222
1.5597874224977857
0.9617984131648546
0.952744349867919
0.9804791481810116
0.4672155248456336
0.6891852710930705
1.199942709825265
0.6930721181147076
0.17497168742921856
0.21103253182461104
0.20899321266968326
1.2842164919240577
5.311123658949746
0.6551234743116662
1.174779390834045
1.075792507204611
0.9773861967694567
0.5706264775413712
0.7517605633802817
1.5556534508076358
1.4859175807886156
1.0933609958506223
1.4670623145400594
0.7567327611719443
1.5568047337278106
1.0029420417769932
0.9794540651599648
1.321144205249189
1.016417472881853
0.6133333333333333
0.4583452619524764
0.7033778030087994
0.5005659309564233
0.3011026293469042
0.6561085972850679
1.0719954648526078
5.89720417961028
0.3404255319148936
0.5744013683010262
0.6311239193083573
1.8191990577149588
1.1454869358669835
0.7430085369443626
1.5497196813219238
1.5781017554299315
1.2551477170993732
1.7848214285714286
1.4660916121356335
2.3124440465532676
1.4720165827657685
1.7019002375296912
2.4040131775980833
2.9852463853644142
1.9784883720930233
0.5920526014865638
1.4943246311010216
0.4135295782621002
0.2661768861260243
0.32834133936140153
0.6386530843237125
5.536984754376059
0.34183673469387754
0.8375605585636934
1.110051993067591
1.1650570676031606
0.9644535840188014
0.600412249705536
0.9471196454948302
1.1391200951248515
1.574948055802909
0.6551316178645371
0.7614840989399293
0.759367681498829
1.2014556040756914
1.0747445255474453
1.0305164319248827
1.1826643397324026
0.4697928653624856
0.5888223552894212
0.9356940509915014
0.6015249929398475
0.38048090523338046
0.5501554111330884
1.6295666949872558
5.423326743857667
0.18112244897959184
0.5929934491597836
1.2001146788990826
0.8672055427251733
1.0447201384881708
1.534870317002882
0.6823188405797102
0.48815443112021056
0.5501902253438689
0.5055296856810244
0.459918080748976
0.9580890973036342
1.1356476079346558
0.9649737302977233
1.285252643948296
0.7089530475357247
0.40202312138728324
0.5450901803607214
0.7377979568671964
0.43583945732052004
0.6166666666666667
0.553954802259887
0.8477891156462585
5.132523311669964
0.43339002267573695
0.39635535307517084
0.7484874675885912
0.5193595342066958
0.66123873218959
0.9303944315545244
0.48473393428322187
0.5057000876936568
1.3796133567662565
0.7363796133567663
0.9743740795287187
1.2085043988269795
1.0418250950570342
1.0260538641686183
1.0751173708920188
0.642271662763466
1.2510133178922989
0.31077981651376146
0.308982376350199
0.3225715094873973
0.5881854154889768
0.2655367231638418
1.3339943342776204
6.023446327683616
0.6370076508926041
0.99002849002849
0.6080808080808081
0.5596142606662771
0.8305482263265904
1.5568513119533527
0.9367715617715617
0.9935313143193178
1.077491866311742
1.9693937610359036
0.936652916912198
2.929606625258799
1.5431952662721893
1.1667158453821187
0.7794031597425395
0.6425631981187536
1.1460151250727166
0.7053930005737234
0.5628912919749574
0.9119728276252477
1.0532728818362143
0.2797400395591975
0.9080622347949081
6.061829474872953
0.21264530762687836
0.785305889079474
1.8036490008688097
1.070227205665388
1.6233038348082596
0.6397770607216192
0.6581722319859402
0.5922645408916445
1.6043080554735911
1.5781850428613657
1.4497041420118344
1.222255105060669
0.5576979257960853
0.6566037735849056
0.8050847457627118
1.0423802612481858
1.1703424260011608
0.8845602979089087
0.3512361466325661
0.4874044721200113
0.3538069629210303
0.22598870056497175
0.9106082036775106
6.631073446327684
0.8952597218279875
0.7800569800569801
0.7507229612492771
0.8904552129221732
1.1562592482983132
1.272860492379836
1.303912915563401
1.0821270310192024
0.6373333333333333
1.1630047505938241
0.9419603198104827
0.7856718192627824
0.5765925925925925
2.2720566538802007
1.107004470938897
1.0339333136618472
0.6777389277389277
0.6723147616312464
0.41007398975526466
0.4601644457045648
1.0373725934314835
0.5858843537414966
2.752599498027967
6.2027675797797235
0.9651853948485706
0.33105996021597045
0.6176302232398397
0.8630215827338129
0.8154333429311834
1.1252513645504165
1.0564353584797006
2.02165752237944
0.46455331412103745
0.9370851370851371
0.9341991341991343
1.3941057497832996
1.0121107266435987
1.6777073732718895
0.7063928261498409
0.7532392744025338
1.2343660355708548
0.3789173789173789
0.7006802721088435
0.36856981345392875
0.5535159559446484
0.16313858312164833
0.6180378852134577
4.367231638418079
0.31636980491942324
0.3758503401360544
1.16490727532097
0.4522238163558106
0.4760401721664275
1.0123315170633782
0.8767595518529159
0.6069680391592284
0.9177688326624497
0.9115958668197475
0.546704871060172
0.6786941580756014
0.9002287021154946
0.4389476694309408
0.7038737446197991
0.6482699456677152
1.0604505275163958
0.4224992915840181
0.15691263782866835
0.4096555618294749
0.6084745762711864
0.31810490693739424
0.8831683168316832
6.026032823995473
0.5203067310423175
0.7508542141230068
0.7104734576757532
0.7188313566676309
0.8076146524372656
0.5096513972918467
0.4483357452966715
0.4702102803738318
0.8112379280070237
0.2782812043262204
0.4251461988304094
0.592375366568915
1.633158508158508
0.8095377413692217
0.4801528962069979
0.3488440152180275
0.7856315179606026
0.5348037811515325
0.6321022727272727
0.4635387224420577
0.3682279909706546
0.47727914197008187
0.7598981900452488
5.132107496463932
0.6331914893617021
0.3869404049044768