3.3117443868739205
1.2846883079574836
1.7418161115855395
0.8906205724001134
1.3063649222065064
0.8705483323911815
0.8255090497737556
2.7877758913412563
6.281117696867062
1.653541076487252
1.1937039137833239
1.7565639269406392
1.8301449275362318
1.6283547257876312
3.205720889916209
2.1986735870818914
1.8409617612977984
2.641279069767442
2.3558977338756537
1.4703660662405578
1.4375181211945491
1.7224631396357328
2.2753164556962027
1.8705305651672435
1.6351857183990786
0.9626758541487224
0.8668757126567845
1.5204081632653061
0.9312782805429864
1.4204127791914052
1.24809268154846
2.709358213175007
5.917042889390519
0.9079059223576084
1.169832719024667
1.9734589041095891
2.6405797101449275
2.1101373064563247
2.2137271937445697
1.6923522595596756
1.864613596746078
1.8720186154741127
6.463209733487833
1.6928199189345685
13.503905120046284
3.8307869703084463
1.5807935595169638
2.7172729876826125
1.822976054732041
2.1759522455940874
1.9163357912648893
1.9801924165251839
1.4549307714043516
1.6573525261078181
1.5426312817617165
2.066968070076293
6.714608009024253
1.8759185980780102
2.514730878186969
1.8225943797899518
2.58
2.419724770642202
2.8756432246998287
1.9842677345537758
2.6539782484258727
2.697740920789248
1.6799085452986569
2.428898426323319
2.185301687160423
2.2233981693363845
2.481724728726442
3.098426323319027
2.210676562946046
1.748152359295054
2.6175637393767706
2.2604638009049776
2.372211239762779
1.880079006772009
1.5720338983050848
2.426553672316384
7.22112676056338
2.1822548742582653
1.4521788341822297
2.03690036900369
1.772039942938659
2.9696449026345935
2.4864324478720365
2.1685264663805435
2.5047183299971403
2.5551743853630646
2.307122507122507
2.0051296665716727
1.9090131203650884
2.188389299943085
1.5325932251636778
2.4197038724373576
2.0839260312944523
1.6947517730496453
1.539920724801812
2.080225988700565
1.600451467268623
1.6039492242595204
1.5227080394922425
2.5018366770274088
6.572758037225042
1.6093971129351825
1.6277950750070762
1.6409529211571185
1.5454545454545454
1.3599088838268794
1.4757171258165294
2.0992323002559
2.174594132725719
2.8821520068317676
1.960968660968661
2.1068680535765174
2.227130236534625
3.0147937411095307
1.1008834425762326
1.4928774928774928
2.438836612489307
1.8369781312127236
1.7412131519274376
1.2497168742921858
1.6074555210392545
1.5783234546994074
1.2200902934537246
3.3019774011299434
6.852029312288614
0.7609494207403221
1.8641381262383243
1.837784090909091
1.9906063193851409
1.6455840455840456
2.14383366562233
2.4131054131054133
1.7315819531696173
1.6737082500713674
2.386830102622577
2.4383561643835616
2.5334859759587864
2.4140290846877672
1.7167284126531774
1.780188409934342
2.270045819014891
1.2960526315789473
1.8665530948324816
1.142331635540464
1.7555806725063576
1.4449463579898363
1.3401129943502825
2.322215941209723
7.037225042301184
1.09245122985581
1.4529745042492919
1.830450808052169
2.1183010262257698
2.321806230351529
1.618966009711511
2.3798803077799944
2.2561746122917863
2.401545506582713
2.603827477863468
2.3536306460834764
1.9464490263459335
2.1932077625570776
1.72023979446189
1.681350114416476
2.081690945444159
1.9111111111111112
1.6881384790011351
1.0701953014435324
1.080905233380481
1.4561899378179763
0.8778625954198473
3.0680983328623905
7.506204173716864
1.3107152954481198
1.4218130311614732
2.143952299829642
1.7098800685322673
1.5572125035847433
2.0632151029748282
1.9768571428571429
4.560263383910678
1.7567645365572826
2.5602633839106783
2.4921045076083836
1.9991394148020654
2.1287185354691074
1.9757350842135313
1.5348637015781923
2.022955523672884
1.6387225548902196
1.3830210107893242
2.009060022650057
1.7926449787835927
2.0268285794973173
0.7432852700028273
2.565856416054268
6.868265162200282
1.5183719615602036
1.1688863700765089
2.2194152710757877
1.9203084832904884
1.81651376146789
1.7927490722238082
1.8494285714285714
2.710895052902488
2.0864338866628507
2.339060710194731
1.8053883634279162
1.5735546651402403
1.8256013745704467
1.6298830909609352
1.8497142857142856
2.482030804335425
1.8331435079726652
1.8821357568872479
1.5335979586050468
1.2497171945701357
1.140192198982476
1.1293785310734463
2.0432447710570942
7.5008465011286685
1.3246606334841629
0.8836353340883352
2.084019301731479
1.320754716981132
2.060579959804766
2.127464989997142
2.8969957081545066
2.1544855259386644
2.668198793450158
1.928591912819042
2.0214653692043503
2.018348623853211
2.2071530758226037
2.1257861635220126
1.956634118322803
2.5504297994269343
1.4069004847447961
1.2012507106310404
1.2892725728842345
0.9442715700141443
1.5387224420576597
1.1287771815871224
2.2635001413627367
6.485883681535856
1.2593325791855203
1.7064662507090187
1.500142005112184
1.7366020524515393
1.6793587174348696
2.2158993422933944
1.6701030927835052
1.9606547960941987
1.8420448018380242
2.259598853868195
2.526887871853547
2.3692922374429224
1.6156705747783815
1.775021385799829
1.3954882924043404
1.4860319270239453
2.1708914839077185
1.6908678389109473
1.3413461538461537
1.2225988700564971
1.0050876201243641
1.0680983328623905
2.3146576117713638
6.96163610719323
1.0735502121640736
1.5892351274787535
2.032926483110985
1.5589656152315998
1.3919726729291204
1.6507394766780432
1.629302987197724
2.0707358813462635
1.2974285714285714
1.6802857142857144
1.9817247287264421
2.236503856041131
1.507845934379458
1.5057012542759407
2.0702054794520546
1.5542580461407007
1.483072546230441
1.2526942711287579
0.7297679683078664
1.0460712266817411
1.2313559322033898
1.3565979090138458
2.24399208368674
6.904144347335777
1.1767533936651584
1.3246385029770342
1.2925652667423382
1.8130521516101454
1.9595326303790253
1.7600227466590845
1.134073441502989
1.4605300655457396
1.7603305785123966
0.9748930099857347
2.041107622038253
2.339326484018265
1.6074580130942215
1.5877168040943985
1.9951553149045311
2.529059829059829
1.0461669991450555
1.5104934770277936
1.23351259552788
1.0053763440860215
0.6936122102882984
0.7427843803056027
2.4971735443753533
7.135648560403681
1.4063294716021475
2.3403111739745404
1.9537457434733259
1.7956682815616984
1.6917572982255296
1.638865004299226
0.9435736677115988
1.7711840228245364
2.4510699001426532
1.8126069594980034
2.1739502999143103
1.3681051729065448
2.1995996568487275
1.5684990031330106
1.7633979475484607
2.5370792926411867
1.2474402730375427
1.2599318955732122
0.9062853907134768
1.331166996326646
0.8574654247812589
1.300395256916996
2.030799660921164
6.494363021420519
1.3612446958981612
1.1833616298811545
1.426299346776484
1.6497432972047918
1.7428407789232532
2.3207063514668187
2.6936449130806497
1.3706453455168475
2.398623458560367
1.2632781267846944
1.6180416785612333
1.611397479954181
1.7031963470319635
1.2558672009158558
1.825401376146789
1.6878744650499287
1.3468981217985203
1.328607882052736
1.7679886685552408
1.5228813559322034
0.6875706214689266
1.0409604519774012
2.0260107435679955
6.318207440811725
0.9768296128849958
1.6397392290249433
1.3391082078954843
1.921451013996001
1.6479518762532226
1.5640513552068473
1.4553495007132669
1.992
2.2304832713754648
1.9301859799713876
1.97454233409611
1.4176672384219553
1.948586118251928
1.317080125463359
1.8581641406920217
2.078744650499287
1.42674253200569
1.1929625425652668
1.261608154020385
0.7323346523459582
0.8911814584511023
1.1355932203389831
2.550310910118711
6.905016910935738
0.9253815715093273
1.1595352791158968
1.583404376243251
1.6085836909871245
1.6863139735480162
1.8439108061749572
1.538
1.8321397880263535
1.2585910652920962
1.8839336763865067
1.8314735336194563
1.5512306811677161
1.9233628824706892
1.1531660011409013
1.0650057273768614
1.243791036254639
0.9094533029612756
0.9628474191718661
0.809915014164306
1.1192764273600904
1.166290231507623
0.7836769274216323
1.838135593220339
6.576825486326473
0.8715700141442716
1.2951005380911922
2.51179312304632
2.211905440045571
1.5889429962761386
2.0646083476272157
2.4440949385187305
1.7829568201315413
2.3135181480422977
1.445301342473579
1.0823361823361823
1.2085470085470085
1.2070635146681856
1.927065527065527
1.3652694610778444
1.3693359931604445
1.6805002842524162
1.1906515580736543
1.2661951909476663
0.7974576271186441
1.0384072295961593
0.7557942340305257
1.688807235726399
7.547813822284908
0.9144475920679886
1.1557632398753894
1.1903409090909092
1.3326693227091633
1.1407006550840217
1.563264145578618
1.9367160775370582
1.464234824736392
1.602509267179926
1.7609005414648047
0.8260621613915027
2.067047075606277
1.1735537190082646
1.8424950156650526
1.3366562232982055
1.1481059527200228
1.5469283276450512
1.0539007092198582
0.6015271493212669
1.3387051173310716
1.0889328063241106
0.5514124293785311
1.5113058224985867
6.924421883812747
1.0647990945104697
1.2834890965732086
1.3953488372093024
2.2353946993445426
2.2432972047917854
1.1088009114212476
1.2568337129840548
1.366933181039406
1.4019411932629176
1.716324200913242
1.7358813462635483
1.4149971379507726
1.8265451438336657
1.4428002276607854
1.8818155866400228
1.0262257696693273
1.240398293029872
1.220834516037468
0.9340130274709714
0.7611644997173544
0.8412877718158712
0.4285310734463277
1.4164546225614927
7.646245059288537
1.2894736842105263
1.383743981874823
1.3943781942078364
1.7714041095890412
2.0085836909871246
1.2609316947699343
1.8508997429305913
2.4311034877072615
1.4209322276236775
1.664095972579263
1.2891807022552098
1.9777270131353513
2.3565515272623467
1.6027944111776447
1.957355466514024
1.8235797887524978
1.3582598805800399
1.3255879852649475
1.1112054329371817
0.9081920903954802
1.5304912478825523
0.9604631460039537
1.1014410850522747
7.140276601749929
0.6864574498162285
0.8345140266364409
1.4920454545454545
2.251284980011422
1.7621916236374067
1.7122857142857142
1.2374429223744292
1.7798112668001145
1.4984272233342866
3.1215944938342415
2.1366370667430536
2.4018905757662563
1.4657534246575343
1.5209461385009975
1.4710248358549813
1.4543110856488113
1.3064011379800853
1.9804421768707483
1.1115831209289153
0.7239819004524887
0.9389830508474576
0.49165959852982755
1.3175904977375565
6.499858956276445
1.0882602545968882
1.618413597733711
1.3852272727272728
1.2283261802575107
1.092783505154639
1.8948571428571428
2.56391192450672
2.1876967095851216
2.089398280802292
1.2151029748283753
1.5506003430531732
1.144861150873175
1.25557461406518
1.1754135767256133
1.6431226765799256
1.1106674272675414
1.672541216600341
0.9143019296254257
0.902010761823846
1.097002262443439
1.3680045223289994
0.9697569248162804
1.2217821782178218
8.131920903954802
1.0161381653454133
0.9396429583451402
1.022184300341297
1.7349742415569547
1.5040160642570282
1.0578842315369261
0.846988295746503
1.6511894525652049
2.005167958656331
1.7672955974842768
2.1604017216642757
1.5275071633237822
1.164332666476136
14.18666278392545
4.01719690455718
1.0955504848830575
0.8776671408250356
0.9730496453900709
1.1732238890461364
0.40655923098671193
0.3399321266968326
0.30686634642554395
1.3540073633531577
6.941043723554301
0.848939179632249
0.9628579529345053
0.7147727272727272
0.9447450868698376
0.9988581216100485
1.0945599544289377
0.814994298745724
1.2996575342465753
1.1483594864479316
0.6895667046750285
1.055872291904219
1.0775370581527937
0.5771964742678419
0.5767150583546826
1.106522358302478
1.1027319294251565
0.8745031232254401
0.7802665154522257
0.4968891402714932
0.2973431317128321
0.40644431882419446
0.4652345958168457
0.8847678369195923
6.722425952045134
0.33824362606232294
0.7346938775510204
0.3610559182514902
1.0241477272727273
0.8313458262350937
0.5709823963657014
0.7632177373507675
0.6757679180887372
1.2265224815025613
1.2641616851693709
0.6667616063799487
1.3222317107884998
0.908651109846329
0.7680705748434832
0.6706518645032735
0.9277177006260672
0.5803698435277382
0.588718820861678
0.8397962071893574
0.7790336253178864
0.361503674392312
0.6245405711054566
2.1589235127478754
6.242099322799097
0.7577903682719547
0.9906409529211572
0.45
1.1112692088787706
1.1646723646723647
0.7961910176236499
0.7148960410139561
1.136869118905047
1.7314497716894977
0.8604053668284328
1.004278379920137
1.0599315068493151
1.4461231470923603
1.002849002849003
0.8323336189660097
1.6014823261117446
0.4985771200910643
0.30190286850326614
0.588218634947607
0.3914520237758279
0.3555869872701556
0.39722929035906135
1.4794791961505802
6.184871577758961
0.3903061224489796
0.5907543959160522
0.8631578947368421
0.9725714285714285
1.185608223872073
1.7131849315068493
0.8010276905509564
1.498997995991984
1.3035253654342218
1.1625107480653483
1.654232424677188
1.4947006588370095
2.0796789911149327
1.1224256292906178
1.3203911417888985
0.6281133695963356
1.1232564759464845
0.7364539007092199
0.351925254813137
1.0500424088210347
0.560056657223796
0.3763076053152389
1.2987270155586987
6.3386004514672685
0.5741789354473387
0.48171250354408846
1.654054054054054
1.195310265942236
0.6207093821510298
0.6066323613493425
1.2519280205655527
0.420662100456621
1.1808571428571428
1.2510723477266228
0.8978248425872924
1.1694333142530051
1.1840367499282227
1.177548682703322
0.9807526572823901
0.7298768261243197
0.8073080216956894
0.790505969300739
0.4634560906515581
0.3376696832579186
0.6836301950805768
0.7354437535330696
1.2627262443438914
8.520451339915374
0.31587885649589587
0.37471655328798187
0.8541310541310542
1.1049771167048055
1.149540757749713
1.5220630372492836
1.1831995412844036
1.3745329117562517
1.379815986198965
1.34454989933851
1.546314883854316
1.097274031563845
2.0701001430615165
1.6152080344332855
1.4350574712643678
1.6623748211731044
1.034541821296032
0.7258522727272727
0.3461756373937677
0.7186085972850679
0.5955342001130582
0.23599320882852293
1.7079796264855687
6.141123341800734
0.8060039648824695
0.7925652667423383
1.2242165242165242
1.6794614723574908
0.7063218390804598
1.3744985673352434
1.4945402298850574
1.404555940023068
2.0583983810349813
1.661764705882353
2.4953863898500575
1.2569945197577157
1.981833910034602
1.80903077365545
0.8475310424487439
1.189491817398794
1.5905982905982905
0.8264697529111048
0.6327859569648924
0.23805484874187163
0.5103136479231422
0.6699660633484162
1.1889140271493213
6.914575697772766
1.0619869799037644
0.9347702779353375
0.9135381114903299
1.2741290691033695
0.9559874249785653
1.4289390906491277
1.9561353211009174
0.9315698677400805
1.1783768282190996
0.8291284403669725
0.795766590389016
1.2901658090337336
0.9427513528909143
1.8371363377067884
0.9920068512703397
1.0062660210766163
0.43863636363636366
0.5477201925800057
0.5055131467345207
0.5730432325515682
0.7345382660265461
0.5844155844155844
1.2107940096072336
6.701833568406206
0.5220588235294118
0.966846132048739
0.7078364565587735
1.41273450824332
0.5942646223736513
0.5595001420051122
1.091555302814899
1.0922288642186166
1.1094640820980615
0.7373074729035939
1.3101482326111744
0.9595441595441595
0.9294050668943923
0.6892623184277984
1.0530367835757057
0.8712984054669703
0.6949971574758386
0.8859897901304594
0.6789354473386183
0.34557784684939247
0.40067815767165865
0.4096045197740113
1.2885431400282885
6.125953120587405
0.9920792079207921
0.6729951827713233
1.2952867688813174
1.2229190421892817
0.4676914318246513
0.4975845410628019
1.0574843483210017
1.266609637867123
0.8774985722444317
0.9392123287671232
1.748713550600343
0.6783876500857633
0.9859919954259577
1.3274437161584498
1.3929694198342384
0.6564732780794512
0.46002844950213373
1.0471323111868256
0.6424122310305775
0.49392140231834886
0.9336345665066366
0.3728813559322034
1.0746184284906728
5.986745628877609
0.5169683257918553
0.6619438934542363
0.9823763501989767
1.8918687589158345
1.9115296803652968
0.5814550641940086
0.7703281027104137
1.248427672955975
0.9058924485125858
1.195764167143675
1.5657028342399084
1.4926955027212834
0.8497854077253219
0.9674471730439749
1.3773693279724297
1.0208810068649885
0.48818673498434384
0.749929118230791
0.3975664968873797
0.5257207461842849
0.7495052304212609
0.7538896746817539
1.206798866855524
6.897196261682243
1.020199146514936
1.173165137614679
1.1624927198602213
1.7056905749851807
1.0673190984578884
1.3513115237253168
1.6121122599704578
1.279630732578916
1.7295690936106984
1.5166369578134284
0.7834375930890676
0.8105608591885441
1.1290418273509344
1.8726591760299625
1.949132608056454
1.3087071240105541
0.7736887858591712
0.6093436514760676
0.19460227272727273
0.5338622839331255
0.39767902632323804
0.6658170489946191
2.7941093174738034
6.145361990950226
0.7213859698949162
0.9036213287710294
1.1634005763688762
1.3279211365613222
1.2722497811496936
1.148428405122235
1.0005839416058395
1.5756240822320118
0.9041055718475073
0.6296513331380018
0.5435356200527705
1.4802941176470588
1.1669102601578485
1.3698311007571344
1.042360502483202
1.6622054116962468
0.7840023101357205
0.6967963386727689
0.6487791027825099
0.6952461799660441
0.6493065383526748
0.3701188455008489
2.050184292599943
6.10115851935575
0.705932443939824
1.2630379025363352
0.9706812302385743
0.8135593220338984
0.9451773673409557
0.9304626127436718
1.2639253426655002
1.3527165932452276
1.5039764359351988
1.036873156342183
0.9825185185185186
1.0161049806143752
1.4058876003568244
1.3855063855063856
1.4445440956651718
1.843491124260355
1.07983682983683
0.7251361421610777
0.8451704545454546
0.6546742209631728
0.6139903709997168
0.7159444916454262
1.7229461756373938
6.085924250989259
0.8641273450824332
0.6348298541607091
0.8723527705250943
1.0212891780011828
1.1718100890207714
1.971310263235729
0.9777382012466608
1.4700981850639692
0.8224605302353292
0.6881656804733728
1.2104798351486605
1.0475773496789258
0.9109170305676856
0.7378102189781022
0.9838425381903643
0.8997084548104957
0.6685895586962792
0.7854089484183528
0.8184397163120567
0.7606789250353607
0.18629671574178935
0.22709276018099547
1.6535522219077272
6.261373269285109
0.2872159090909091
0.4239657631954351
0.5596541786743516
1.1509159639430067
1.3871906841339157
0.5347624565469293
0.7777129521586931
0.7444117647058823
0.72218952324897
1.3677552221241542
1.1904061212477928
0.7535252643948296
1.0409476455103832
1.3155425219941348
1.002658788774003
1.7259106933019976
0.6071116292626056
0.5510907003444316
0.5231731589422803
0.370643241711533
0.3793201133144476
0.2991791678460232
1.7759500850822463
7.024335031126203
0.29026750142287994
0.8279600570613409
0.9846599131693198
1.1989452094931146
0.5716374269005848
0.972737819025522
0.9315913094539049
1.8758498374224062
1.2127407407407407
1.000593471810089
1.8364985163204748
1.57592867756315
1.2628318584070797
1.0267254038179148
1.5041543026706232
0.5642836128273021
0.9786736780601811
0.4005167958656331
0.3838268792710706
0.4519421604763255
1.088568194680249
0.3458816869515992
1.9002832861189802
6.528248587570621
0.3728331912475135
0.4935659136402631
0.7069565217391305
1.4794682422451995
1.2877442273534636
0.5850160959906351
0.8215022091310751
1.058139534883721
1.0167114294240525
1.896541443053071
1.0439038860872145
1.398337785693084
1.2284787735849056
1.2254352316317498
0.7624292944328669
1.206896551724138
1.2523961661341854
1.2619047619047619
0.8332859982959386
0.38346077598414047
1.1010472686102462
0.3273910582908885
2.016439909297052
6.879027699265121
0.6868256672345259
0.9771754636233951
1.0702515177797052
0.7063120981881941
0.9135657779079989
0.9568764568764568
1.5403508771929824
2.1898584905660377
0.6334519572953736
0.8599348534201955
0.9896694214876033
0.7859865142187042
1.2400816802800467
1.1323273360417876
0.9956191588785047
0.8157434402332362
0.6504770164787511
0.9425057208237986
0.5253756733768075
0.6103565365025467
0.5672233229549958
0.23507779349363508
1.9396942242355606
6.462277479513987
0.2583664208735111
0.40836653386454186
1.2956896551724137
1.6666666666666667
1.1919279907084785
0.8060220034742328
1.148428405122235
1.235997666277713
1.0869819030939871
0.7157802964254577
1.1357952893282932
1.131993006993007
0.9072254335260116
1.01768115942029
1.8666472133060987
0.7748842592592593
0.9327006039689387
0.39685714285714285
0.29682179341657206
0.24567866251062623
0.8273910582908885
0.1536502546689304
2.7869688385269122
6.312711864406779
0.812358276643991
0.9106685633001422
0.4736389684813754
0.6398378691372322
1.117578916883869
1.2580179138977174
0.8791907514450867
1.2003489386449548
1.1682678311499273
1.8227259517582097
0.9630384167636787
0.9912459877443829
0.457209167391935
2.202026049204052
0.731304347826087
0.15333525844643373
0.25959885386819487
0.5776574522656027
0.580755038319614
0.6242921857304643
0.6909142371921879
0.5424448217317487
0.945624468988955
6.282608695652174
0.5194547003692133
0.8004554511813265
0.6061908856405847
1.3888727904955085
1.2653946227233304
0.5280346820809249
0.43585288155227336
1.234215885947047
0.48256827425915166
0.5111561866125761
1.0321087648249927
0.817762399077278
1.0686979016958895
0.7432198499711483
1.4284475281873374
0.31815561959654176
0.3277046365197481
0.7299373932840069
0.621568072459666
0.21069004524886878
0.3522598870056497
0.4925120090421023
1.8123407868666854
6.737644733126236
0.9886589169265665
0.46276293348493464
0.8874285714285715
0.4614723574906903
0.5091585575271894
0.5857632933104632
1.1271841879117732
1.0138010350776308
0.780241935483871
0.5448255981550879
0.7956772334293948
1.14034074501877
0.3810756399194708
0.8877374784110535
1.2402653591000865
0.7045781744889145
0.5727766657134686
0.34310933940774485
0.4869540555870675
0.6014718369657515
0.35661764705882354
0.7323903818953323
1.9714123973959807
5.267438576673256
0.49177538287010775
0.5490753911806543
0.5312767780634104
0.26578645235361653
0.8185993111366245
0.510151558478696
0.5252293577981652
0.6744454047824834
0.3221612250794568
1.0078351712130005
0.9247685185185185
1.8782961460446248
0.7406872653768409
0.9991341991341991
1.0465587044534412
0.9005477082732776
0.6644699140401146
0.5187927107061503
0.9446651532349603
0.3717440543601359
0.3160577740016992
0.4720022624434389
1.8171525615624116
6.44789607455521
0.5439591605218378
1.338452787258248
0.5735546651402404
0.694284064665127
0.6084198385236448
0.594656707842574
0.8242737992522289
1.0404040404040404
1.2648507678933643
0.7646207295888825
1.2513058618688335
0.34641092705608834
1.0907509423021167
1.033795493934142
0.7696793002915452
0.8701936976004626
1.1212729357798166
0.4624821683309558
0.5122089721749006
0.7087461081234079
0.4582507783753184
0.38317757009345793
1.1978488536654401
7.771186440677966
0.27484383872799545
0.33352305065452476
0.3705932932072227
0.8906204906204906
0.7185784455359723
0.8274374460742019
0.7677697841726618
1.229858504187121
1.2393632416787266
0.701276102088167
0.9367015098722415
0.9417391304347826
0.9997112330349408
1.282702858792954
1.030223772159256
0.6088965915655691
0.6067933218192285
0.7569960022844089
0.6507666098807495
0.8654772019258
0.32361268403171006
0.23599320882852293
1.4618439716312057
6.381073446327684
0.4120317820658343
0.6014245014245014
1.2185792349726776
1.06102877070619
0.8072009291521487
1.2260214430599825
0.6187029530978576
0.9083260806498404
1.2640139413302354
1.301980198019802
0.9618298368298368
0.9764123471170646
0.7629586488060571
0.9228538283062645
1.1108841552378173
0.9739583333333334
1.1810344827586208
0.6048502139800286
0.4250851305334847
0.42044167610419025
1.0650820599886814
0.16666666666666666
1.602436950977614
6.885843458604126
0.2558205565019875
0.6471257825839499
0.6091822094691535
0.9250435793143521
0.7694767441860465
1.2399767576990122
0.88121387283237
0.6130346232179226
1.0667055053888728
0.6016899766899767
0.38918128654970763
0.8636098130841121
1.3041836141778036
0.6670530281077949
1.020681619574716
1.2545665410263844
0.37743972445464985
0.3884933067502136
0.5567536889897844
0.5400509482026606
0.6186704384724186
1.000848656294201
1.0967101531480432
6.6807909604519775
1.437358276643991
0.5119453924914675
1.2310996563573884
0.7360669939358937
0.7137096774193549
0.24195402298850574
0.6324122049510651
0.5087921591236667
0.3762975778546713
0.8293879907621247
0.5090543259557344
0.7512223180903077
0.7446991404011462
1.0028719126938541
0.659568345323741
0.4754521963824289
0.8565714285714285
0.350967007963595
0.7119796091758709
0.3132427843803056
0.5886344359626803
0.4696070115917444
1.1714770797962648
5.73835732430144
0.637935922880635
0.43035815804434335
0.45511720983419096
0.6643737460590428
0.5319392724147809
0.6395648439736616
0.7927773000859846
0.4405070584845866
0.5251009809578765
0.9403286249639665
0.37644341801385683
0.8482400461627236
0.9798445148286784
1.0723760092272203
1.166714738967407
0.9833189531205062
0.4997134670487106
1.0344729344729344
0.34382978723404256
0.2976796830786644
0.622737556561086
0.9007352941176471
0.8406002265005662
6.131244707874682
0.2339098383895662
1.0668753557199773
1.1298255647698028
1.0722718111143104
0.6586067933218193
0.6871412169919633
1.2997705106138842
1.4508220363426594
0.31984975440624097
0.9731058415268942
0.9534278275961816
0.46409959467284306
0.7505059265683723
0.812933025404157
0.6546929316338355
1.3993637941006363
1.2452284557547715
0.977116704805492
0.6906659077973819
0.6916973646925475
0.3453257790368272
0.5273138975375036
0.6671384092838947
6.297824244136762
0.6674233825198638
0.5787524921674737
1.02020202020202
0.7987697715289982
0.9251540945113003
1.453566229985444
0.9454705364995603
1.76771537783005
0.948997641509434
1.063660477453581
1.0150442477876107
1.0904270986745213
1.0614705882352942
1.6950396243029058
1.0349319123741858
0.9150058616647128
0.5971014492753624
0.2794159748067564
0.2559066325078281
0.3006517427033154
0.9963183234211271
0.5246179966044142
0.8376844494892168
6.775550536420102
0.31820760068065795
0.8703334283271588
1.114773055796473
1.0194003527336861
1.1954532034248597
0.7213450292397661
1.1194950088079858
1.2553191489361701
1.0578683200472394
0.8060141509433962
1.6669613910993222
1.5597874224977857
0.9617984131648546
0.952744349867919
0.9804791481810116
0.4672155248456336
0.6891852710930705
1.199942709825265
0.6930721181147076
0.17497168742921856
0.21103253182461104
0.20899321266968326
1.2842164919240577
5.311123658949746
0.6551234743116662
1.174779390834045
1.075792507204611
0.9773861967694567
0.5706264775413712
0.7517605633802817
1.5556534508076358
1.4859175807886156
1.0933609958506223
1.4670623145400594
0.7567327611719443
1.5568047337278106
1.0029420417769932
0.9794540651599648
1.321144205249189
1.016417472881853
0.6133333333333333
0.4583452619524764
0.7033778030087994
0.5005659309564233
0.3011026293469042
0.6561085972850679
1.0719954648526078
5.89720417961028
0.3404255319148936
0.5744013683010262
0.6311239193083573
1.8191990577149588
1.1454869358669835
0.7430085369443626
1.5497196813219238
1.5781017554299315
1.2551477170993732
1.7848214285714286
1.4660916121356335
2.3124440465532676
1.4720165827657685
1.7019002375296912
2.4040131775980833
2.9852463853644142
1.9784883720930233
0.5920526014865638
1.4943246311010216
0.4135295782621002
0.2661768861260243
0.32834133936140153
0.6386530843237125
5.536984754376059
0.34183673469387754
0.8375605585636934
1.110051993067591
1.1650570676031606
0.9644535840188014
0.600412249705536
0.9471196454948302
1.1391200951248515
1.574948055802909
0.6551316178645371
0.7614840989399293
0.759367681498829
1.2014556040756914
1.0747445255474453
1.0305164319248827
1.1826643397324026
0.4697928653624856
0.5888223552894212
0.9356940509915014
0.6015249929398475
0.38048090523338046
0.5501554111330884
1.6295666949872558
5.423326743857667
0.18112244897959184
0.5929934491597836
1.2001146788990826
0.8672055427251733
1.0447201384881708
1.534870317002882
0.6823188405797102
0.48815443112021056
0.5501902253438689
0.5055296856810244
0.459918080748976
0.9580890973036342
1.1356476079346558
0.9649737302977233
1.285252643948296
0.7089530475357247
0.40202312138728324
0.5450901803607214
0.7377979568671964
0.43583945732052004
0.6166666666666667
0.553954802259887
0.8477891156462585
5.132523311669964
0.43339002267573695
0.39635535307517084
0.7484874675885912
0.5193595342066958
0.66123873218959
0.9303944315545244
0.48473393428322187
0.5057000876936568
1.3796133567662565
0.7363796133567663
0.9743740795287187
1.2085043988269795
1.0418250950570342
1.0260538641686183
1.0751173708920188
0.642271662763466
1.2510133178922989
0.31077981651376146
0.308982376350199
0.3225715094873973
0.5881854154889768
0.2655367231638418
1.3339943342776204
6.023446327683616
0.6370076508926041
0.99002849002849
0.6080808080808081
0.5596142606662771
0.8305482263265904
1.5568513119533527
0.9367715617715617
0.9935313143193178
1.077491866311742
1.9693937610359036
0.936652916912198
2.929606625258799
1.5431952662721893
1.1667158453821187
0.7794031597425395
0.6425631981187536
1.1460151250727166
0.7053930005737234
0.5628912919749574
0.9119728276252477
1.0532728818362143
0.2797400395591975
0.9080622347949081
6.061829474872953
0.21264530762687836
0.785305889079474
1.8036490008688097
1.070227205665388
1.6233038348082596
0.6397770607216192
0.6581722319859402
0.5922645408916445
1.6043080554735911
1.5781850428613657
1.4497041420118344
1.222255105060669
0.5576979257960853
0.6566037735849056
0.8050847457627118
1.0423802612481858
1.1703424260011608
0.8845602979089087
0.3512361466325661
0.4874044721200113
0.3538069629210303
0.22598870056497175
0.9106082036775106
6.631073446327684
0.8952597218279875
0.7800569800569801
0.7507229612492771
0.8904552129221732
1.1562592482983132
1.272860492379836
1.303912915563401
1.0821270310192024
0.6373333333333333
1.1630047505938241
0.9419603198104827
0.7856718192627824
0.5765925925925925
2.2720566538802007
1.107004470938897
1.0339333136618472
0.6777389277389277
0.6723147616312464
0.41007398975526466
0.4601644457045648
1.0373725934314835
0.5858843537414966
2.752599498027967
6.2027675797797235
0.9651853948485706
0.33105996021597045
0.6176302232398397
0.8630215827338129
0.8154333429311834
1.1252513645504165
1.0564353584797006
2.02165752237944
0.46455331412103745
0.9370851370851371
0.9341991341991343
1.3941057497832996
1.0121107266435987
1.6777073732718895
0.7063928261498409
0.7532392744025338
1.2343660355708548
0.3789173789173789
0.7006802721088435
0.36856981345392875
0.5535159559446484
0.16313858312164833
0.6180378852134577
4.367231638418079
0.31636980491942324
0.3758503401360544
1.16490727532097
0.4522238163558106
0.4760401721664275
1.0123315170633782
0.8767595518529159
0.6069680391592284
0.9177688326624497
0.9115958668197475
0.546704871060172
0.6786941580756014
0.9002287021154946
0.4389476694309408
0.7038737446197991
0.6482699456677152
1.0604505275163958
0.4224992915840181
0.15691263782866835
0.4096555618294749
0.6084745762711864
0.31810490693739424
0.8831683168316832
6.026032823995473
0.5203067310423175
0.7508542141230068
0.7104734576757532
0.7188313566676309
0.8076146524372656
0.5096513972918467
0.4483357452966715
0.4702102803738318
0.8112379280070237
0.2782812043262204
0.4251461988304094
0.592375366568915
1.633158508158508
0.8095377413692217
0.4801528962069979
0.3488440152180275
0.7856315179606026
0.5348037811515325
0.6321022727272727
0.4635387224420577
0.3682279909706546
0.47727914197008187
0.7598981900452488
5.132107496463932
0.6331914893617021
0.3869404049044768
1.0937950937950938
1.268391974411166
0.6946786856644374
0.548191027496382
0.5395158938466025
1.2386964180857312
0.8359788359788359
1.2839870244765557
1.1587957497048407
0.8471281296023564
0.763049853372434
0.6342890579286132
0.9993894993894994
0.7295873573309921
1.0142111368909512
0.3613662456946039
0.13655761024182078
0.15967101531480432
0.2138204474653073
0.6671376094942074
0.9835647492207424
6.3263456090651555
0.543988684582744
0.32011331444759206
0.505832147937411
0.6878926327812679
9.785060103033771
1.2841233580810965
1.8576329331046313
1.2599598738893665
0.5595544130248501
0.6271428571428571
1.4862621637092157
1.0505281187553526
0.9059462550028587
1.367475035663338
0.6575342465753424
0.8578347578347578
0.7536973833902162
0.6868085106382978
0.3112807463952502
0.780570460321943
0.6333804809052334
0.613431151241535
1.7851286400904722
6.30808366308649
0.2035623409669211
1.3857709750566893
6.198862019914651
6.794805936073059
1.6411647159577505
1.3192582025677604
1.250783699059561
0.9582140812821981
1.189605939463164
1.441873750357041
1.4458726078263353
3.5850729196454103
11.050499286733238
0.7214611872146118
0.4778634675806912
0.8896177980604678
1.3067955644014786
0.690084985835694
0.3809389140271493
0.4081920903954802
0.8990126939351198
0.3674562887760857
3.2701328058773664
6.6023176936122105
1.0641786824992931
0.32387975042541123
0.7510644337212603
1.1756988020536223
14.911410550458715
7.057379389095061
3.0886797832905617
2.6825714285714284
1.3525549528975165
1.3929183323814962
1.5372537824721668
0.8544520547945206
1.2924393723252496
1.9389791844881665
1.6495580268035357
1.138422101965252
0.7677657760090961
0.967148116680827
0.4964679287934445
0.4630569655950367
0.5376557191392979
0.5565904600620942
2.5807181227028555
7.597116200169635
0.7412330316742082
0.42776203966005666
0.9539772727272727
1.5733788395904438
14.238068019434124
2.1030165054069436
5.706670467502851
3.0464917284654875
1.5107112253641817
1.6030294369819948
1.4082332761578045
1.9540262707024558
1.6557142857142857
0.5544780376497433
1.4018290940268647
1.3803138373751782
0.683371298405467
1.5539507221750213
0.9270568278201866
0.713640214628636
0.5007056167090037
0.3934010152284264
1.831638418079096
6.21864406779661
0.45217883418222976
0.5802888700084962
0.6841657207718501
1.0689066059225512
7.3367579908675795
4.921981776765376
3.011677584733694
1.5551753635585972
1.3142450142450142
0.9462151394422311
1.5688673875924872
0.6612627986348123
0.6337027564649048
0.5828831390389536
1.5863933959578707
0.9761431411530815
0.74113977884888
0.5427277872099604
0.677683615819209
0.19548660084626235
0.5694953481815619
0.5513833992094862
1.697063805759458
6.103302286198137
0.31421305453517945
0.7136389360498019
0.528344671201814
0.6683673469387755
10.339295854628052
6.532747377374539
2.8656631638738994
1.3956262425447317
0.8920454545454546
0.7610795454545455
1.6897924367358543
1.2225063938618925
0.9338068181818182
0.8664772727272727
1.1489059391872691
0.6109059926157342
0.996596710153148
0.5219484565278958
1.6619559072922556
0.5529212531752752
0.6849083215796897
0.2982208415701779
1.425219112242013
6.4160542679479935
0.5977953646127756
1.273988112086046
1.0255174369152253
3.8923076923076922
17.301994301994302
2.192274921897188
1.3050269809713149
0.9477124183006536
2.470019892014777
1.6780432309442548
1.626636311895276
1.630576868428531
0.9931818181818182
1.0449246516917827
1.5866780529462
1.2282546901648663
0.7539727582292849
0.7900849858356941
0.8408833522083805
0.3339920948616601
0.9029619181946403
0.33785310734463275
1.9341435839457322
6.3229813664596275
0.17721876766534767
0.8572642310960068
0.9866553094832482
15.796561604584527
16.222698684962836
7.2618844292627385
1.3891891891891892
1.2214631369200113
1.2010250569476082
1.1457858769931664
1.3733978923383652
1.5320421532326973
2.1449316628701594
1.0915070060051473
0.8272805261652846
0.6268869268014811
1.534738041002278
0.2545351473922903
0.7449816228442183
0.3935629587803501
0.8777181587122281
0.07985327313769752
1.1057393271133729
6.282123693871788
0.17562217194570134
0.7572237960339944
1.5721194879089615
1.0237686139747995
1.25243553008596
0.8659233847913094
0.735067162046299
0.5345173302778573
1.326846021751574
0.8446351931330472
0.6720045753503002
0.8832618025751073
1.30720823798627
0.838562464346834
0.6618067467124071
1.2415762421473444
0.9082882369695243
0.472206466250709
0.13752122241086587
0.4433455778468494
0.31385831216483207
0.7646062658763759
1.8216812906878008
6.523607577042691
0.6730769230769231
0.6767877412031782
0.8193456614509246
0.8403769274700171
0.5550471832999714
1.4997142857142858
1.1324578932343705
2.1842105263157894
1.687929061784897
1.5892448512585813
0.5957629544803893
0.967391304347826
1.0574942791762014
1.1996002284408909
0.7712978845054317
1.340759782919166
0.7082265869627099
0.37453926850014174
0.3904923599320883
0.6583780729019497
0.4224357163040407
0.4624505928853755
1.530260180995475
6.340305257207461
0.6829889612227569
0.8746099290780142
2.0034256351698545
2.080206244629046
1.1082164328657316
1.0206008583690986
0.940957294353683
0.735243553008596
1.1060475781026082
1.411308840413318
1.231431029538285
0.8650816384989974
0.8005159071367154
0.9976878612716763
3.2
1.3258813413585555
0.6764789939982853
0.5813622114562553
0.8890465380249716
0.5219360317011039
0.40988700564971753
0.6556590460062094
0.29172550127082747
1.9714204867006224
8.212001132182282
0.27290780141843973
0.4204706549475475
0.48376068376068376
0.9948542024013722
0.6811677160847167
0.8741058655221745
1.1928469241773962
0.7278716700085935
1.0045792787635948
0.7878614371600343
0.4635401772948241
0.29562982005141386
0.8281071835803877
0.9808844507845934
0.9271428571428572
0.9637867122897062
0.5216031836270608
1.0359569648924123
0.44202488687782804
0.5488424618859401
0.8946772366930917
0.39412761151891584
1.7139626907857546
8.310344827586206
0.4481586402266289
0.6675170068027211
0.6378869639307015
0.9837837837837838
1.0803977272727272
0.6216600341102899
0.5072587532023911
0.4646118721461187
0.8655221745350501
1.0431305341331047
1.4927080354589648
1.633742506423066
1.001428163381891
0.43603655054254714
0.5816676185037122
0.8750713063320023
0.8614114968696642
0.6227646891853534
0.4220650636492221
0.2945999434549053
0.15834038950042337
0.5783981951494642
0.9276018099547512
5.973453826602655
0.6106395019807583
1.0110419026047566
0.5847770519738711
0.9926031294452347
0.7484330484330485
0.5111047835990888
1.6881597717546362
1.0497000856898029
1.137507146941109
0.9654285714285714
1.217453505007153
1.6203836243916405
0.2211126961483595
1.4204805491990846
1.304061784897025
0.37915234822451316
1.5034364261168385
1.6763532763532762
0.4405099150141643
0.7887443438914027
1.213781417678622
0.9836019225332202
1.4857061986979905
6.7337478801582815
0.5114633455986414
0.6318774815655134
1.7591801878736122
1.360068748209682
1.6959885386819484
1.1990859754355898
0.8834618680377035
2.644699140401146
1.0037302725968436
1.0770994554313558
2.161364287761536
1.8996271866934327
1.2773157441927159
1.2460522538041918
3.1636363636363636
1.3086206896551724
1.5116012603838442
0.6316989737742303
0.8535754824063564
0.957001414427157
0.8053672316384181
0.3507779349363508
1.2926208651399491
6.281435433738344
1.3781488819699972
1.067632850241546
0.5686554381958322
3.6891697787991955
1.519641825534373
1.8270676691729324
1.6479679450486548
1.889688940092166
1.6715559390278976
2.8684135573910567
2.2135088723526044
1.033342914630641
1.4702158273381294
2.544591484464902
1.8486766398158803
1.4836488812392428
1.549014004001143
0.8904382470119522
2.152321630804077
0.4824759751271905
0.9793552036199095
1.2786561264822134
1.4347088750706614
7.538852783272111
0.14071347678369195
0.46906923950056756
0.644672950585547
1.4631972397929844
0.8232250646737568
1.1481375358166188
0.7290470723306545
1.3292157426027005
1.017816091954023
0.7152298850574713
1.031572904707233
1.4881844380403457
1.8807471264367817
3.5025906735751295
1.3815676141257536
2.66295025728988
4.636935391652373
3.6914350538854226
4.007348784624082
4.641003948110547
4.7800395815662995
3.807323943661972
3.9779536461277556
8.251481795088909
3.421067495057893
3.9141156462585034
5.395607529948659
4.325955734406438
5.09622587150677
3.9733371559633026
2.367106773823192
0.7360230547550433
0.8901667625071881
1.2080575539568346
1.5302593659942363
2.3880726015557476
1.1239550302680887
1.0537510778959471
1.911136757068667
2.2039757994814173
1.789745058722429
1.5055508112724167
1.2891976183725546
0.8961810466760962
1.338052095130238
1.459322033898305
1.5774129634871215
7.512733446519524
1.5031179138321995
1.155157715260017
1.9227467811158798
2.1131586524618484
2.317157712305026
1.693859901989046
1.6201326795500433
1.481278801843318
1.8833333333333333
1.0436405397645707
1.903420523138833
1.4356549154485525
2.7361787453451734
1.8514367816091954
1.601094470046083
1.341183228029868
1.2835095741640468
1.427515633882888
1.6105442176870748
1.1281108597285068
1.1038003403289847
0.7104072398190046
1.7778093076049943
7.206241134751773
0.7879648027249503
0.4859255046914984
1.1966324200913243
2.2963068995133122
1.6768834144944142
0.8691802342187946
1.1206058873963989
1.7320149039839496
1.423990838820498
3.146306409887899
2.40396210163652
2.100804135554279
1.861406025824964
1.1544412607449857
2.3095921883974726
1.4115450890292935
1.5220504009163802
1.7002561912894962
0.4389551391254969
0.5490806223479491
1.045814479638009
1.0542986425339367
1.4699886749716875
7.518528995756719
1.2925516850750496
0.8197047132311187
1.4362703165098374
1.2502863688430699
0.5012890289315383
1.015741270749857
1.3380080137378363
1.9239816408491108
1.5626972740315639
0.5603795284646349
1.939115450890293
1.3875143843498274
2.2449683726279472
1.9807415924116125
1.4573643410852712
2.4253070551271065
1.9276353276353277
1.4419528810672722
0.7158252977878616
0.7475975127190503
1.9519094766619518
1.0096099491237989
1.2927864214992928
6.56412429378531
1.3173974540311173
1.490212765957447
1.2506415739948673
2.174648695153427
2.303361103131284
1.1813234030363793
0.8969367306040653
1.7423330467182574
2.2627045650301465
1.4461934745277618
2.153823701109165
3.001194743130227
1.9379629629629629
2.9252615844544096
3.2012107235514558
2.1509096331643303
1.9682264586943963
1.984090251663292
1.8862206975414522
0.7312588401697313
0.6195744680851064
0.4212309429700734
1.1498583569405099
7.390147225368064
0.9482071713147411
0.9544159544159544
0.8643578643578643
2.0486880466472304
3.025920471281296
1.9319060362771334
2.146929180135175
2.74644128113879
3.4375729288214703
2.31424375917768
5.830177336940186
3.3132030787448192
2.0143568707881627
3.7740328253223914
3.125374925014997
3.742166517457475
4.232537042636831
3.4604379562043794
0.6666666666666666
0.7733068858033437
0.8905982905982905
0.5524971623155505
0.9463981849120817
5.847654041831543
0.8871517907902217
1.3967530618057533
1.2467792728313771
1.3046783625730993
2.0929958799293704
1.168270632837562
1.2841306884480748
1.3846378504672898
1.9044862518089725
1.4411764705882353
1.1370543541788427
1.6801051709027168
1.3054503060332265
1.6508076358296622
1.5321397123569123
2.517261729123635
0.985977212971078
0.9942146369684698
1.5719977233921456
0.37001414427157003
1.1445953593661573
0.2628458498023715
0.6550749222504948
5.168974286521617
0.47267063154913624
1.4691780821917808
1.141263940520446
3.574585635359116
1.8511260602515356
1.2359186080802123
2.6727642276422765
1.5877218504509747
1.6730261226885823
1.7650496785505552
1.3329446064139943
1.9118955799466033
2.2292095210108727
1.6720977596741344
2.075
1.5806357538641003
0.3288340034462952
0.21153297173850985
0.5818129988597491
0.12842998585572843
0.24035187287173665
0.41562143671607754
0.9812446717817562
5.639125496876774
0.5109905795032829
0.4357509994288978
0.8509101415775787
0.6357577513764127
1.7211819777647748
2.3709865732632807
0.9551504629629629
0.8831244535120956
0.7748905109489052
0.7757913247362251
0.7526850507982583
0.8229858504187121
0.9610351846466996
0.926257952573742
1.156720741599073
1.0550246162757022
0.48386167146974063
0.39622641509433965
0.43950127514876736
0.28199320498301245
0.029161947904869763
0.10560588901472254
0.9090909090909091
5.244324631101022
0.25530710444381544
0.7528376844494892
1.2140200286123033
0.8556165174704013
1.3828554879814654
0.6691729323308271
0.45237410071942447
1.1261574074074074
1.629041570438799
1.1132834962622196
0.7972389991371872
0.8844598497978048
1.1018518518518519
0.7044862518089725
1.1094975312227708
1.2058230037474778
0.6933908045977012
0.3973112128146453
0.24404761904761904
0.1176973496722713
0.49148694665153236
0.11626591230551626
1.233020744529696
5.1528644356211
0.2912290661368152
0.3289846851956892
0.8479010925819437
0.6413952147592966
1.2883841288096607
1.3593111500291886
1.1182919792267745
0.642148277875073
1.1961639058413251
1.4047550014496957
1.3360300491187518
0.960801393728223
1.4099505382601105
1.2438672438672438
1.0413005272407734
0.5602305475504322
0.5616911130284729
0.5755230725136142
0.3030475647963543
0.6988636363636364
0.2642149929278642
0.10542679479932165
0.4193822612638141
5.554862489367735
0.5353706847764572
0.20555396507300314
0.9576416714367487
1.4029763641669097
0.7157802964254577
0.8066491688538933
1.1592227378190256
1.079628015111886
1.6752111855519953
1.2581576667629224
0.7844380403458213
1.0856729377713459
1.1141446413011908
1.0662424067110212
1.013603473227207
1.1106284390385173
1.146754738655945
1.249358059914408
0.562624254473161
0.5788128372621414
0.24188958451906659
0.06544428772919605
0.6567880327406153
5.625529511437447
0.3341815097540288
0.2544782485072505
0.6972926267281107
0.7010696733159872
1.0299559471365638
1.0717225161669606
1.248985507246377
1.6439988375472245
0.4664739884393064
1.2541244573082488
0.9346950517836594
1.4656862745098038
0.783381088825215
1.0304073436603558
1.0225043277553376
1.4178457984406583
0.6236003445305771
0.6454545454545455
0.5926345609065156
0.4718109339407745
0.5261669024045261
0.17161436245405712
0.38393870601589103
4.833380401016662
0.1950254381006218
0.6848536516055698
1.3367697594501717
1.0228389708008094
1.0493934142114385
0.9535828256454888
1.1980968858131489
1.2690867185249208
1.2730404823428079
0.6729830605799598
1.2332470520563705
1.2345679012345678
0.6996252522340732
3.44149720011789
1.5943833236826868
0.9291882556131261
0.7685264663805437
0.9025568181818182
0.27718006795016986
0.11984171848501979
0.07138826185101581
0.12722143864598026
0.3552854720180893
4.969217735103078
0.3734629682585073
0.34169278996865204
0.5384615384615384
0.6831740515493774
1.0305916305916305
1.2925347222222223
1.591683511406295
0.7316017316017316
0.5080645161290323
1.4744293556775498
0.6004056795131846
0.73106824071408
1.3693693693693694
1.3609415867480383
1.2836552320553474
1.207056101792944
1.3331417073871803
0.4239657631954351
0.04811774695726012
0.35598980458793544
0.5384615384615384
0.47871736662883085
0.5076574021554169
5.191043083900227
0.107687959299039
0.38871562234193363
0.6606884582007521
0.9864709268854347
1.1962025316455696
0.6787773933102653
0.3733486502010339
0.5090856648399192
1.5879469434832756
1.0737086477074869
1.2007488479262673
0.7132967983847707
0.7387543252595156
0.8554461181923523
0.5937589464643573
1.006896551724138
0.97660485021398
0.8803977272727272
0.2587669683257919
0.08185153824442563
0.10832157968970381
0.26275725965604735
0.6506636543349337
5.079073707992093
1.1762202043132803
0.6076201307932897
0.3216922203293583
0.8091973721793774
0.5675443617630224
0.462
0.8288494562106469
1.3926432848588537
0.8297994269340975
0.671799258625606
0.9121099341540223
1.0215641173087981
1.013440091507006
0.8451594369434071
1.0005748778384593
0.8048151332760103
0.7060337432084643
0.8518202502844141
0.4228700820832154
0.158981612446959
0.2974737439682089
0.504950495049505
1.2223485925504691
5.21826406559231
0.2422695035460993
0.49334088977047325
0.6093169476993426
0.8506010303377218
0.8564483843294253
1.73552290406223
0.6319246145059966
0.8591549295774648
1.1837088388214905
1.0298507462686568
1.278130409694172
1.017523700086182
1.2897546897546897
0.6807228915662651
0.9634216589861752
1.636043439976519
1.290054456864431
0.5102272727272728
1.2434191904896688
0.4301929625425653
0.397724039829303
0.2552467385138968
0.9182692307692307
5.297733711048159
0.2891976183725546
1.189111747851003
0.563376251788269
1.2369791666666667
0.9512546870493221
0.8641618497109826
0.6858533791523482
1.094165222414789
1.1384969766772244
1.280944156591825
1.1823681936041486
1.239767779390421
1.1561959654178675
0.949885452462772
0.9784110535405872
1.1267605633802817
0.523524379811805
0.6351236146632566
0.10206389595702572
0.2480905233380481
0.4724186704384724
0.6683731513083049
1.0846740050804402
4.731073446327684
0.26611990950226244
0.6503972758229285
0.6847052121902591
0.6208775451677659
1.3202425642506497
1.2849740932642486
0.7702200628751071
1.764215967834578
8.841027120600115
6.696311123820418
9.342774566473988
9.044476327116213
7.1966686148451195
7.559815508792159
6.811921296296297
4.5449583453030735
6.0399769916594765
5.330264672036824
3.331444759206799
4.057855927396483
2.2791749081661488
0.8270591565242004
1.1987507098239636
5.907879818594104
1.0203619909502262
0.9166666666666666
1.2484865955606803
1.4772792226350386
2.2440011564035847
1.8357224770642202
1.3565067509336397
1.825164803668673
1.4857389801210026
2.395490026019081
1.1796717535272099
1.758799769186382
1.267438494934877
1.6969522714203564
1.284440609721024
2.0558594874748057
1.6988783433994823
0.6597402597402597
0.395435092724679
0.2839681637293917
0.6360022714366838
0.532482269503546
1.3955669224211424
5.729125389187659
0.6705614135081219
0.647025171624714
0.683846818312698
1.3805882352941177
1.20222417325139
1.6636522753792298
1.3865155478058704
1.1203029420332071
1.1986581096849476
1.7300177619893429
1.741642228739003
1.528479154433353
1.9210759680756724
1.8007044320516583
1.0994824611845888
0.602865329512894
0.798454050959061
0.4909297052154195
0.4190530195633683
0.4786421499292786
0.44485294117647056
0.2281898266552998
0.9633182844243793
8.448275862068966
0.8299915278170008
0.4966044142614601
1.6756988020536223
0.7315186246418338
1.16240298936476
0.8319954128440367
0.7745913392601089
0.4836135651182673
1.1516886090440757
1.455743340017187
0.7958368976333048
0.47755681818181817
0.55320970042796
0.693976591493006
0.6544935805991441
0.8153846153846154
1.4161668094830049
0.5439795046968403
0.5026874115983027
0.3063190705582318
0.6984485190409027
0.4928067700987306
0.7723554301833568
6.386859246672331
0.40609997175939
0.6247171945701357
0.6798745724059293
1.1192582025677604
0.7226962457337884
0.6477467199087279
0.8806139852188744
0.4772727272727273
0.6970563018005145
1.2899340407226842
0.8124642652944539
0.9833906071019473
1.6469748858447488
1.0791571753986333
0.9040159498718314
1.3924410343847684
0.33646991730824066
1.044255319148936
0.6054421768707483
0.45112994350282487
2.2667794698251553
0.1724429416737109
0.6543557936284183
6.133182844243792
0.19903873338987843
0.5017074558907229
1.4565403248788829
1.2756041426927502
0.39369855237013907
0.7024722932651322
0.9387289826161299
0.3161639157655094
1.1794285714285715
0.8499142367066895
1.0393723252496434
1.0155083285468123
0.9122454832234012
1.0749714937286203
1.201782121299224
1.1678101772441396
1.1792965398913355
1.5731776765375853
0.34521788341822296
1.0400454416358988
1.3934426229508197
0.2628005657708628
1.184881087202718
7.299661399548532
1.192079207920792
1.1367276887871853
0.6768922018348624
1.0928306198229076
0.9377498572244432
1.3294252216185303
1.2802965497576275
1.4345594525235243
1.0726802642918702
1.32816091954023
1.347194531472515
0.6373500856653341
1.438179736691471
1.1772297103527387
19.447613504074504
1.4374460742018982
2.0599942313239112
0.9263488438481302
0.18302687411598303
0.5255536626916525
0.6021136818051985
0.734325794446035
1.0303977272727274
6.379818594104308
0.4465551460164446
1.2055492638731597
0.6563662374821173
0.6696198913975422
1.393103448275862
0.8256776034236805
0.892
1.133943903835146
0.7100541156365707
1.4497126436781609
1.5560989643268124
11.861175115207374
0.8267312624679396
0.6728465487735311
0.6991150442477876
0.7069261591299371
1.0391316766638103
0.8184405236198065
0.31945624468988953
0.2836116614774979
0.13080407701019253
0.2054176072234763
1.5383747178329572
6.652554332486593
0.7017246253887476
0.5775764439411099
0.35103663731894347
0.43783938268076594
1.1158798283261802
0.8921090387374462
1.413763317016988
1.6994818652849741
1.7192568563845474
1.4404865334491745
2.268109668109668
1.492799539170507
0.9194805194805195
1.6069064748201438
1.3687517852042275
0.8711060302943698
0.9954220314735336
0.48786061125392743
0.3281205572931476
0.5113186191284663
0.6803535785571714
0.5824144755442465
1.2806223479490806
7.998014747589337
0.265625
0.2246808510638298
0.4466932725199544
1.0990836197021765
2.0028793550244743
0.8708297690333618
1.1764705882352942
0.7135461604831751
0.7454233409610984
0.6225490196078431
1.30897583429229
1.4483547925608011
0.8109965635738832
1.5712242562929062
0.8772180881511162
0.661345496009122
1.637015781922525
1.0917694293088616
1.0453514739229024
0.7877931619101441
0.13037330316742082
0.25070501974055276
1.7638261851015802
7.465707027942422
0.36813808715336727
1.1279003961516696
0.6357427433124644
0.8903559127439724
0.7734599884858953
1.2609945386605346
1.0483133218982275
1.1897391802808828
1.748558246828143
1.4273039496279336
1.8793350530237891
0.9381413911060433
0.5841161400512382
0.8395061728395061
1.2075256556442417
1.1603773584905661
0.8840579710144928
0.5630656108597285
0.9540816326530612
0.34734762979683975
0.3284465745700592
0.46965848151284223
1.6454340473506202
6.5228684359119145
0.6700564971751413
0.8115242690888448
1.2294754846066134
0.8599033816425121
1.2588470319634704
2.097742212060589
1.011441647597254
1.436551131480951
0.7302444570778852
1.0505926568372361
1.032413989195337
2.0186139747995417
1.5891783567134268
1.8263849229011992
1.2981703830760434
1.227621483375959
0.5088927137119909
0.7023877202956225
1.88737973967176
1.5007080147267062
0.5024045261669025
0.21009356393535583
1.66045197740113
5.9703473595029655
0.2430751837196156
1.165197611600796
1.7922114837976122
1.1314139110604333
1.5481074833863044
1.2795883361921099
0.8217737350767481
1.0020017157563625
1.0581527936145951
1.5977077363896848
0.941645317392542
1.261271676300578
1.1450732548118356
1.2083453237410071
1.4717035334673945
1.6862802213807166
1.7329902801600914
0.6445012787723785
0.5724391624221845
0.5721547585427845
0.6662905500705218
0.4234895539243365
2.3876975169300225
6.939282688506072
0.5706182643221781
0.8346099290780142
1.644646924829157
1.1268529076396807
1.0585546986575265
1.7791834387579069
2.1649841361407556
2.861911554921541
2.124641010913268
2.346494992846924
0.9547137567644546
2.1752013808975836
1.855915210541392
1.4928448769318832
0.5194619347452776
1.3565292096219932
1.1508782032824647
0.44
0.5233248515691263
1.2471623155505107
1.6764374295377678
0.4708204116154497
0.8449590511155041
6.569452286843592
0.43039410263680183
0.5731292517006803
1.8575523072513613
1.117866360768569
1.248133256748995
1.206679988581216
0.9490117444858207
1.140057636887608
1.2453156529259153
2.0014343086632245
1.722077922077922
1.7400690846286702
1.611842105263158
0.684586788676008
1.3078909612625538
1.4565342544617157
1.5993111366245694
1.1725212464589234
0.9071813795061028
0.9745403111739745
1.099290780141844
0.5812570781426953
1.562923250564334
7.95593220338983
0.4953350296861747
0.6462237365133446
0.6679909194097616
2.0346407099914114
1.0318965517241379
1.4748923959827833
1.6219091431857389
1.2800229292060763
1.5570353213665316
1.1807780320366132
0.9564345084551448
1.193142857142857
1.536144578313253
1.796619879690633
1.432650706662821
1.7378031383737518
1.1097421203438396
1.150657518582047
0.5519296254256527
0.4709203839638622
0.968944099378882
0.5636107193229901
0.869774011299435
7.243014394580864
0.32156973461321287
1.0102272727272728
0.6420992256954402
1.45300373670595
0.6367311579555299
1.2635658914728682
1.7455485353245261
1.457578372159908
0.8977599080987938
1.8116996507566938
1.8033256880733946
1.2480575539568346
2.0161616161616163
1.2341717259323504
0.792107520732056
1.7035652673950545
1.2291189931350115
0.9051944365597502
0.5052363430512312
0.6869343891402715
0.47411598302687413
0.8350311262026033
1.2427680090754396
6.56686626746507
1.169741697416974
0.6130867709815079
0.9519424460431655
0.9922436081585752
0.840675057208238
1.1750572082379862
0.9830800114711786
1.5398052691867126
1.0508862206975416
1.128
0.8427798348048989
0.8962857142857142
0.9071163189482709
0.9570938215102975
1.3016281062553556
0.6311592138991741
0.5278015397775877
0.6658163265306123
0.7178035663741863
0.2760666855043798
0.7578589634664401
1.080896962815782
1.2347431166619358
6.108714164064717
0.12782805429864252
0.6484240687679083
0.6709438266324493
0.6996013667425968
0.8986621121548534
0.6467220154594904
0.9945496270797476
0.6711582568807339
0.6944045911047346
0.5225714285714286
1.1009174311926606
0.9276315789473685
0.8020114942528735
1.0114580349470066
1.0741695303550973
0.9259788511003144
1.1377228292121908
0.9491910303718422
0.7649232518476407
0.13463718820861678
0.3037581237637751
0.06395019807583475
0.30725462304409673
7.10997150997151
0.8352208380520951
0.9016718617172004
0.6626746506986028
0.9922613929492692
0.7444476492644938
1.1208822686909194
1.2166906474820145
1.8108263748920241
1.7435074409104172
1.0491329479768785
1.84
1.1832946635730859
0.738743905936335
1.0350776308223117
2.073555166374781
1.3859953703703705
1.0283129013426737
0.5012934751365334
0.28664772727272725
0.5371853546910755
0.19162185111803
0.45217883418222976
0.9741843971631206
6.71724333522405
0.24267425320056898
0.44211123723041995
0.3435985172512119
0.8997407087294728
1.5633074935400517
0.6746987951807228
0.688882505027291
0.7288914417001723
1.3861847857767415
1.077944572748268
1.650014522218995
1.2533871432689536
0.9379468115527595
1.3471337579617835
1.8105971896955504
1.5896322038806834
0.9064377682403434
1.408972503617945
0.6129215075092094
0.17653726268064607
0.23509369676320271
0.6904086265607264
1.0039693790757018
6.115438893593001
0.4123798756359525
0.5989804587935429
0.678429140580535
1.7467362924281984
1.2674789672178706
0.789503871522799
1.2455485353245261
0.6850733390854185
1.995061011040093
1.2328608620190917
1.37089061566049
2.216637781629116
1.8043795620437957
1.3437226915234488
1.7207831325301204
1.549402506557855
0.7595738554563778
0.3919954584161226
0.11192972513459903
0.022090059473237042
0.11858156028368794
0.39272624753312657
0.9757404795486601
6.141445511010728
0.3842239185750636
0.4506120125249075
0.5545118132650156
0.6099453866053464
1.1327356853672643
1.0894402769763416
0.7810599478714162
1.1120415824429686
1.5551251489868891
1.8193398957730167
2.081391919787673
1.970074074074074
1.311967068509262
1.0284156142365097
1.242084052964882
1.0408750719631548
0.8325688073394495
0.3031596925704526
0.7237960339943342
0.5522558537978298
0.16389280677009874
0.17056667606427967
0.7369460908834321
5.942340305257208
1.2963386727688788
0.6674240272649815
1.1010913268236646
1.9701142689715792
0.9016110471806674
1.05635838150289
0.8433630866685863
15.608922363847045
2.340294117647059
1.982094897045658
1.24009324009324
1.851094890510949
1.9483513276918587
1.2760700948003447
1.2470973504019054
1.622375611159045
1.1770623742454729
1.0434409831380393
0.27365439093484417
0.2931180968564146
0.34458309699376066
0.09651853948485706
1.0848896434634974
6.519209039548023
0.31626591230551626
0.45815481291059695
0.4243553008595988
1.40835734870317
0.660322952710496
1.4894600057753393
0.9718390804597701
1.3817016317016317
0.8077034462785984
0.7313691507798961
0.8619596541786744
1.0319367125695869
1.0555555555555556
1.2573466476462196
0.5144823630628047
0.7783505154639175
0.39567936327458786
0.8096050014208582
0.21511463345598641
0.7523404255319149
0.7245475113122172
0.04992947813822285
0.7322990126939352
6.6712792996328725
0.2994895065229722
0.7640034119988627
1.1790530846484935
0.6574522656027358
1.0440251572327044
0.8230570691138515
1.0613004869664853
0.918150488225158
0.8514482363062804
0.9593777009507347
0.48284734133790735
0.7028438769587928
0.7430955120828538
0.4026233247790134
0.7465714285714286
1.198110506727741
0.860445205479452
0.9396527184742386
0.40108478447045387
0.27120567375886523
0.11963882618510158
0.08573040045121263
0.47460496613995484
6.905879027699265
0.10183875530410184
0.6298499008779382
0.5242027334851936
0.6719288174512055
0.450401376146789
1.2690092165898617
1.3838616714697407
1.563168545822492
1.1057332180927686
1.3377674956622325
1.322087658592849
0.8120765832106038
1.1965367965367966
1.7873381294964028
1.284543325526932
18.299883653286795
1.644258511252164
1.102725968436155
0.33758142169357125
0.6945310286200057
0.47178905585483416
0.11871113623516111
0.554295435214063
6.072094995759118
0.2543140028288543
0.7304944269791369
0.7681365576102418
1.1996547756041427
1.125287356321839
1.1839677047289503
0.7844777841892672
1.2025862068965518
1.352449567723343
1.6814879395524558
1.511928715148031
1.1082489146164978
1.1706269682221586
1.0060085836909871
1.4421788523157588
0.848780487804878
1.4257028112449799
1.2867291844273943
0.8332861590716105
0.21521862578080636
0.630249716231555
0.41223103057757643
0.5583048919226393
6.944083592205591
0.660901616104338
0.3039160045402951
0.7388698630136986
1.0312320916905444
12.8323732718894
1.4059633027522935
1.9557291666666667
0.9456054967077011
9.864041391204369
1.429865575686733
1.9267727930535457
1.1248202473396607
1.514914567043151
3.3142433234421365
2.376179245283019
10.99016393442623
1.730780559646539
1.0489349453080024
0.2594487070190395
0.23092142453363482
0.6784302653867871
0.6204853273137697
0.7137210615471485
6.16342082980525
0.6998304126625212
0.42909917590224494
0.7220956719817767
1.1993689041881812
1.0330052113491603
0.8026918671248569
1.242485549132948
1.7093225246091488
1.2230278422273781
1.2602144305998262
1.9831161137440758
1.5091863517060367
1.9720944495553512
1.1201964750072233
1.3627933932193568
1.1028389339513325
1.8057936742536211
1.1137162954279016
0.6852691218130311
0.09864330130016959
0.14051918735891647
0.30191873589164786
0.965001411233418
6.136723163841808
0.7271695972773681
0.5041487839771102
1.5587310660188625
0.5738980121002593
0.8766925957937194
0.7642464564651432
0.8983342906375646
0.5689655172413793
0.7621373168629704
1.0578439964943032
1.5956284153005464
1.0949554896142433
1.4177583697234353
1.712156633547633
2.0183566433566433
0.7267508610792193
1.3740237199884293
0.5419540229885057
0.2874539790427641
0.5564746149458072
0.25128059191804214
0.7509167842031029
0.40423131170662907
5.8687182382834555
0.17760180995475114
0.3285836420632659
0.6415688519896937
0.9230106291295604
1.6188700889016348
0.9774174869716271
0.4969818913480885
1.5557803468208093
0.8528906697195192
0.6961880194898251
8.386513629842181
1.1219582021185228
0.662962962962963
0.4088698140200286
0.8643144004589788
0.8459994264410668
0.3390264730999146
0.5432869713312518
0.6973981900452488
0.2044042913608131
0.045980253878702394
0.7006207674943566
0.5112930547713156
6.226217440543602
0.26711941143180534
0.6066364152013614
0.910876993166287
0.6554886787044999
0.7080957810718358
1.1609756097560975
0.5560653857183826
1.053852764250931
19.32326718435433
1.1290322580645162
1.275250357653791
0.37846329620108543
1.169686511360368
1.392336288247069
1.8326589595375722
1.5749421296296295
0.9380378657487092
0.43500717360114777
0.18295454545454545
0.0875106202209006
0.2691763373903198
0.43278502552467385
0.8086070215175538
6.068368794326241
0.3030389094007384
0.5471913316224694
1.0247339660626977
1.1746397694524495
1.1086645696311124
1.4272543935465283
0.6733639494833524
0.7213161659513591
0.6505747126436782
0.7191919191919192
0.958864426419467
1.3609518348623852
1.2560870810655973
1.208695652173913
0.7363740676993689
1.8205351948807447
1.5128718535469108
0.6291654799202506
0.807495741056218
0.803409090909091
0.18374858437146094
0.14869466515323496
0.962439988703756
6.324858757062147
0.18014184397163122
1.1889897843359818
1.3275911570485215
0.9377142857142857
0.6813880126182965
0.9341230858133488
0.6880918220946916
1.3188113098672822
1.5831622176591376
1.3386535113174696
1.4416837182110493
1.0195506273708783
1.5272992700729926
1.2733644859813085
1.7089884307327203
2.071366405570061
1.5636840571262023
0.692793568762561
0.6483014558949471
0.3210645526613817
0.5046702519105576
0.2956989247311828
1.1123372948500283
4.966173962478681
0.3522371045882018
0.5337126600284495
0.7350917431192661
1.1931491076568796
1.3005797101449275
1.0111908177905309
2.016274338854984
2.0368528809593447
0.8930219146482122
2.1404886561954624
1.1290038201586836
1.6301208370173887
2.471675961256237
1.6301289566236812
1.4332044034513538
1.0787424286126335
0.7075635103926097
1.2230857800805988
0.6259217243335224
0.531728045325779
0.3634560906515581
0.27427597955706984
0.6949971574758386
4.767730997456908
0.36528131184619733
7.423580786026201
1.1742666279407494
0.8711903392754456
1.285673021374928
1.049364896073903
0.897665033150764
1.5622619396425432
1.5732390215148835
1.8408891488739398
0.6514367816091954
1.2132202398362095
1.3239884393063583
1.1850780798149219
2.0631578947368423
2.2270348837209304
1.1630901287553648
0.8968571428571429
0.3614114968696642
0.1795814479638009
0.32622298065984073
0.25163120567375885
0.9940391711609424
5.157939428247948
0.35537893840476864
0.8081725312145289
1.1432269197584124
0.7188489208633093
0.686268829663963
1.556132756132756
1.6557377049180328
2.099423631123919
0.9327392929002587
1.4522569444444444
3.7611159546643416
1.7280600461893765
17.90866234531526
1.275336848271822
1.4982466393921683
0.7858796296296297
0.9339270324619362
0.4998573466476462
0.14654927577392787
0.4029428409734012
0.5374823196605375
0.22950354609929077
0.39585698070374575
4.907574901074053
0.15749148694665152
0.43702018765993744
1.1293078894901738
1.023836875358989
0.5302032636701975
1.0603948896631823
0.8824891461649783
1.0562933025404158
1.1450822036342658
1.7044206876625252
1.6478791400348634
1.095100864553314
0.7337568582154201
1.0045950603101665
0.9652897303499713
1.6845425867507886
0.933029353092049
0.38367809577784073
0.09314835787089468
0.2846653487715335
0.18797629127857748
0.4457627118644068
0.355568117580554
5.981318992357769
0.5847986386840612
0.1839863713798978
0.6356298645142693
0.6748923959827834
0.7104059462550029
0.6475456621004566
1.252146536920435
1.261671469740634
0.9549343981745579
1.3681792073520964
1.4854035489410418
1.291822094691535
0.9034188034188034
1.2776659959758552
0.8470790378006873
0.7848537005163512
1.235665137614679
0.7549631310266591
0.304421768707483
0.6424533634821933
0.7004243281471004
0.22696438665912946
0.7920567375886525
5.301470588235294
0.31587885649589587
0.20544063474071975
0.4197777144485608
0.9222190448956248
1.1744985673352435
1.122372588540167
0.9350947731188972
1.0155754254398615
1.0771899392888118
1.4183025404157044
0.9042156581588758
0.825136612021858
1.2855101457559304
1.0246488965319576
0.5725321888412017
0.8165901262916189
0.8538263112639725
0.8069926094371802
0.39728736931336533
0.11421319796954314
0.2902225979149056
0.04004512126339538
0.27705749718151074
6.086674195369848
0.9974554707379135
0.6203861442362294
0.2824907169380177
0.4420331239291833
1.867393800229621
1.3080241587575496
1.2094988344988344
2.0129533678756477
1.811826390911739
0.9835355285961872
0.9003178272175671
0.9567377959660918
2.084633160023108
1.9194915254237288
1.6812737364884605
0.35698005698005697
0.3359886201991465
0.15631205673758866
0.40152801358234297
0.39260513688964155
0.22046800112771356
0.42643742953776775
0.18256207674943567
4.90265237020316
0.17033898305084746
0.12146092865232164
0.5983513359863559
0.5155669808626107
0.9556636155606407
0.6711428571428572
0.45952109464082097
0.6658097686375322
0.2913453299057412
0.32809374106887684
0.7280776920879749
1.3161953727506426
0.2661336379211879
0.6454649172846548
0.6916047972587093
0.26782658300057044
0.7404667046101309
0.44362397046293667
0.5434721042197678
0.23522759400621995
0.06719367588932806
0.15369430344049634
0.4887133182844244
5.306519898391194
0.27054504377294547
0.6864022662889518
0.5132365499573015
0.20353982300884957
0.534
0.18662474992855102
0.5105714285714286
1.3083738210917406
1.2872675250357655
0.6641897685052872
0.29828571428571427
1.1548129105969722
0.7605593607305936
0.5011402508551881
1.0622323722523552
0.8590182648401826
0.21235411329348136
0.3432624113475177
0.15033975084937712
0.08333333333333333
0.2808798646362098
0.4511851015801354
0.6870594868903298
4.957933370976849
0.24300649901102006
0.5955819881053526
0.6197664483053261
0.7331613642877616
1.0347003154574133
1.2234957020057307
0.5748211731044349
1.1227768215720022
0.802865329512894
0.5664275466284074
0.4230879404182183
0.7379862700228833
0.6719152590896078
1.1231696813092162
1.0939385234128125
0.4131924614505997
0.9101283880171184
0.29617021276595745
0.6095076400679117
0.4776962168266516
0.030456852791878174
0.16614950634696757
0.11029619181946404
4.964124293785311
0.055445544554455446
0.6429583451402664
1.1672354948805461
0.5621251071122536
0.7896541869105459
0.3197940503432494
0.47151445748640136
0.41783768282191
0.9343651476067641
0.6645678305666858
0.2925714285714286
0.1924721984602224
0.19173789173789174
0.34007981755986316
0.44821683309557775
0.8396468242665908
0.3217835842090315
0.43755310110450296
0.24124293785310735
0.09334461364918217
0.20225352112676057
0.07364559819413093
0.7657352526107818
6.786783394521322
0.34144960362400906
0.6752694271128757
0.4166429991479693
0.3116107000569152
0.7068033020210647
0.6288806607804044
0.44887496439760755
0.7108192977447901
0.46463205932686824
0.4757558471192242
0.41488451668092385
0.4893009985734665
0.9165717539863326
0.8557171371542629
0.9141961231470923
0.3803017364076288
0.21773735076748152
0.10959681998864282
0.19445230682139825
0.5201692524682652
0.06232374506486182
0.1948125176205244
0.7254017479560192
4.504377294549562
0.050296693981350664
0.3915134370579915
0.7730758307299063
0.5025626423690205
0.45288926843154
0.6415577032404776
0.6282124500285551
0.999715018523796
0.8458250213736107
1.1660495585303332
0.4636855596696098
0.872079772079772
0.3758197889934417
0.22076813655761024
2.29430289149728
0.7561948162916547
1.3229107447413302
0.3321985815602837
0.2509915014164306
0.031893875246965846
0.19040902679830748
0.1452340665538635
0.5511700028192839
5.674097065462754
0.0815923207227555
0.211092246745897
0.5788876276958003
0.5860889395667047
0.5181169757489301
1.055952041107622
1.5302684180468304
0.4098687963491158
0.49542857142857144
0.49416120763315297
0.3602165859219151
0.7356878382227285
1.1271742229826063
1.4860079954311822
0.47790134017678926
0.8317650413458797
0.3108646188850967
0.5202836879432624
0.23585972850678733
0.3640474844544941
0.4383986467437271
0.11816130851663846
0.20501974055273547
4.544710860366714
0.6961310364303869
0.14241223103057757
0.8254328697133125
0.6299772468714449
0.6141799544419134
0.7849615494161207
0.817923186344239
0.5434101907201822
0.7191780821917808
1.1113642836798634
0.7804738795318299
0.4006839555428897
0.4015949871831387
1.0711642470822658
0.7736332574031891
0.48761742100768574
1.2662688263711281
1.822127659574468
0.6808931599773883
0.26544428772919604
0.16445698166431594
0.3011844331641286
0.1552987598647125
5.283215796897038
0.28430265386787124
0.5938914027149321
0.8832386363636363
0.9344729344729344
1.2478632478632479
1.3582857142857143
2.3327654741624078
1.8196908986834575
1.3082835183603758
1.194476082004556
1.0945674044265594
1.6875534035887212
1.8699487763232783
1.9585227272727272
1.7458452722063038
1.5740953475014359
0.41422475106685636
0.2753335225659949
0.264947577217342
0.11656788032740616
0.7111048478015783
0.33981403212172445
0.446574570059205
4.8565782044042916
0.08476970895733257
0.08092812676853424
0.44248792956546434
0.5926982316029663
0.6711505437893531
0.2564981433876035
0.5068493150684932
0.38254649499284693
0.6540988289060269
0.5225199543899658
1.183166904422254
0.7050256996002284
0.2716119828815977
0.5330484330484331
1.0621968616262483
0.5089871611982881
0.67625284738041
1.1741843971631205
0.4327766770450042
0.06519898391193904
0.06854724964739069
0.0806997742663657
0.5145357042054756
5.347727914197008
0.855527283008199
0.36806342015855037
0.25986935529679067
0.5742800114057599
0.428
0.6993146773272416
0.5297142857142857
1.5705714285714285
0.8119292237442922
0.2205128205128205
0.11908831908831909
0.491747296528173
0.41906116642958746
0.492320819112628
1.0623753916263172
0.42292377701934014
0.7171258165293951
0.04813137032842582
0.16986998304126624
0.05693348365276212
0.30721533258173617
0.5538028169014084
0.40631163708086787
4.27639751552795
0.2345295281152868
0.4199943358821864
0.23821692220329357
0.421172453044963
0.6855435401252135
0.7505681818181819
0.3036425725668754
0.4141270293363714
0.19493454752418896
0.25362937660119556
1.4359486447931527
1.129133409350057
0.28177423940858687
0.6447105788423154
0.6766296612581839
0.45119182746878544
0.35847986386840613
0.4327386009629
0.6002258610954263
0.09816643159379408
0.14623837700760778
0.13323943661971832
0.3071932299012694
3.950070521861777
0.36212249506068306
0.4278044645380051
0.3989241223103058
0.4535906897530514
0.38966202783300197
0.4957434733257662
0.326519023282226
0.6277683134582623
1.0451319897814362
0.15867158671586715
0.09702127659574468
0.6989216799091941
0.27368122518434485
0.08758503401360544
1.1347194531472515
1.412752633077142
0.55031267765776
0.45632444696539987
0.27815506508206
0.05987009319401299
0.17794698251551044
0.3923337091319053
0.7583192329385223
4.132054176072235
0.015237020316027089
0.21936031701103878
0.869874715261959
0.5196917808219178
0.8984263233190272
0.6273167949814656
0.6170273348519362
6.79954376960365
19.846328969834946
1.1901227519269197
0.20524515393386544
0.8985176738882554
0.44770589911655745
0.6581050228310502
0.2875891583452211
0.3445426047306925
0.43178581600683563
0.23908111174134997
0.6564885496183206
0.34076792772444947
0.22165820642978004
0.10174746335963923
0.12104966139954854
5.4892836999435985
0.47459062676453984
0.6486562942008487
0.44390798068730475
1.003427592116538
0.28122320663046585
0.12888508696891932
0.3094490436768484
0.19543509272467904
1.0994868871151653
0.8411882319337333
0.31888191671420424
0.3295324971493729
0.8702224757558471
0.5072587532023911
0.9138619509412436
0.749359156935346
0.33039271485486627
0.4795802609188883
0.27707096409386484
0.0536117381489842
0.023400056385678037
0.10716300056401579
0.6872532430908065
6.416666666666667
0.22874894097712511
0.10407239819004525
0.3636105591825149
0.20444824636441403
0.555682467161622
1.269252709640616
0.9541179823311485
0.2402393844400114
0.6311288483466363
0.733048433048433
0.5215406562054208
0.6433865450399088
0.8829726651480638
0.534605525491313
0.47776510832383123
0.3423526060951296
0.41536273115220484
0.23674510915792457
0.22162468157373338
0.5377012143462299
0.2715213096246119
0.17446448703494927
0.10095882684715173
6.494918125352908
0.04887005649717514
0.5921313331446363
1.083001705514497
1.1578196347031964
0.5731846769582619
0.2893835616438356
0.6638152266894782
0.40011431837667905
1.4720159908623645
0.8479749001711352
0.34114285714285714
1.0963786712289707
0.33266818700114026
0.5353477765108324
0.4320776255707763
0.6390076988879384
0.7540517486494172
0.11819727891156463
0.16459276018099547
0.026248941574936496
0.06540738652382296
0.07813822284908321
0.6081195376374401
5.876166242578456
0.0818746470920384
0.154782116581777
0.3971590909090909
0.21139601139601139
1.3092724679029957
1.0757142857142856
1.0835948644793152
0.5997719498289624
0.17308240661534074
0.46727376209447924
0.35779294653014787
0.5119453924914675
0.8632088914220576
0.9027027027027027
0.13401767892785857
0.19857752489331437
0.13615690733371233
0.11533012184754889
0.5522894290559638
0.7420993227990971
0.6658199266158623
0.030756207674943567
0.3036117381489842
3.9482904775360272
0.2847045518801244
0.24575311438278596
0.6221590909090909
0.7344729344729345
0.18005698005698006
0.29282868525896416
0.8088277443393522
0.4262152777777778
0.47503607503607503
0.936231884057971
1.0777681410812374
0.8327073100260041
0.4317854052494952
0.43345789019833286
0.608092485549133
0.6183338137791871
0.857060849598163
0.3558404558404558
0.14305949008498584
0.17439231204070096
0.06242937853107345
0.5265386787125917
0.4036127575500988
4.8729531338226995
0.8571833380561066
0.4179698606767131
0.7523591649985703
0.6958021851638873
0.4009815242494226
0.25755395683453236
1.194820143884892
1.4377358490566037
1.1513083048919226
1.2430199430199431
0.547301218804411
0.8343504795117699
0.8556348074179744
0.556762939662568
0.984070796460177
1.9203929539295392
0.20218579234972678
0.09172259507829977
0.29163168205989365
0.05814928711210512
0.2407718120805369
0.46024636058230683
0.2132995209918287
4.788331454340473
0.39103467719199325
0.16459627329192547
0.452670245832156
0.8644595359366157
0.7242355605889015
0.3452078032230704
0.35954738330975955
0.1984149448061138
0.7161856253537069
1.3961187214611872
0.5854143019296254
1.4854339159766943
0.7954794021144732
0.7994310099573257
0.8470956719817767
0.45899772209567197
0.7812233285917497
0.6446469248291572
0.1669032074936134
0.25736126840317103
0.14734162895927602
0.13740458015267176
0.3447398190045249
2.9960429621254945
0.5661285754743699
0.6580590238365494
0.4092465753424658
0.773795871559633
1.076592082616179
0.5174785100286533
0.986830804466075
1.4715144574864014
0.6911848883800802
0.9456210646823126
0.31827280526165286
0.291964541035173
0.4892765227337718
0.8582857142857143
0.7360275150472915
0.6551724137931034
0.273765343990865
0.26765375854214124
0.4136170212765957
0.05036785512167515
0.5145439141485456
0.315819209039548
0.7112556561085973
3.35284139100933
0.20985556499575192
0.04287336740488359
0.7841070919965821
0.5694643368662274
1.3206084959816302
0.6778350515463918
0.9481672394043528
0.6621776504297995
0.7309673726388094
0.4488685190489831
0.6514024041213509
0.9899713467048711
0.42775393419170243
0.8738893665806822
0.39524899828277044
0.7605030008573879
0.7831669044222539
0.6262080727686186
0.33541253189679615
0.20707213578500708
0.047201808931599774
0.22627118644067798
0.4318503825446302
3.6618603336160587
0.49235127478753543
0.6826568265682657
0.5394924436840605
0.3575307230637325
0.6445592879701407
0.35513482501434307
0.4493252942865346
0.9916810097532989
1.1859598853868194
0.8192736631398342
0.6032608695652174
0.7371428571428571
0.26735218508997427
0.19548442412117747
0.5485256226739192
0.6195652173913043
0.3840889649272883
0.053409090909090906
0.01671388101983003
0.059621361966657245
0.2533182716746682
0.1445511010728402
0.8303647158608991
4.286966355668646
0.04228149829738933
0.625106503834138
0.07344150298889837
0.24621968616262482
0.5953740719588806
0.3601258581235698
0.656
0.2652944539736993
0.7955454026270703
0.1699942954934398
0.1183685111237878
0.4455840455840456
0.6408430646539447
0.20689655172413793
0.291500285225328
0.45464917284654877
0.24786568013659646
0.04517045454545455
0.34909399773499433
0.6201637955379836
0.07394863110358453
0.0711864406779661
0.44588866911556935
3.459039548022599
0.301160486838381
0.42293499858075506
0.46846590909090907
0.6880864373045209
0.7783783783783784
0.15273037542662116
9.92176386913229
0.7133504127526331
0.7937270415371573
0.2903135498320269
0.3730758466274839
0.24132138857782756
0.28387458006718924
0.32829554995801846
0.3681410974244121
1.2259238521836506
0.5702687569988801
0.3104703247480403
0.09518477043673013
0.09210526315789473
0.08006718924972005
0.27914798206278024
0.8697372139022322
3.638418079096045
0.4178470254957507
0.1452894438138479
0.6341671404206936
0.3360912981455064
0.5421652421652422
1.0210646171363507
0.5670367207514945
0.8017094017094017
0.9085470085470085
0.30837129840546695
1.1748291571753986
0.6900967558338076
0.92675976061556
0.4890407059493311
0.6819476082004556
0.5691519635742743
0.4496300512236767
0.50099573257468
0.4146825396825397
0.6253537068477646
0.16614862955637186
0.30903954802259886
0.21380090497737556
3.6164267569856055
0.3470138692329465
0.4580498866213152
0.9710062535531552
0.3756055856369336
0.3246567505720824
0.8196581196581196
0.3751068071774423
0.223267750213858
0.8931319464234825
0.4514383366562233
0.7587581885502706
0.7986348122866894
0.883290634785084
0.262873399715505
0.4274308525805532
0.90577853686308
0.7512820512820513
0.41024182076813653
0.41208167895632447
0.07187323146576118
0.02515545505935557
0.04599322799097066
0.5539243365330322
4.359887005649718
0.24186704384724186
0.31631205673758866
0.15052541891508095
0.7047266514806378
0.426902251353662
0.8994301994301994
0.835850669706469
0.5816006835659356
0.25762325448845824
0.6974358974358974
0.3969791963522371
0.30045480386583284
0.7076487252124646
10.40796586059744
1.3110730593607305
1.1653846153846155
0.6237539162631729
0.2716927453769559
0.27551890816036395
0.19631205673758864
0.3234295415959253
0.37054833239118146
0.26370830977953647
0.8057675996607294
3.571953633022335
0.019263456090651557
0.1548936170212766