14687.0
40567.0
27491.0
17333.0
10403.0
6725.0
5893.0
6698.0
8169.0
10799.0
19426.0
37106.0
56614.0
61976.0
52811.0
50933.0
57603.0
60252.0
58367.0
57658.0
56884.0
55203.0
48213.0
50434.0
50599.0
44055.0
30293.0
18725.0
10589.0
6928.0
5835.0
6811.0
8857.0
12737.0
19830.0
35594.0
55581.0
66168.0
55708.0
56334.0
60106.0
59262.0
57734.0
54666.0
55213.0
52423.0
45211.0
44015.0
34619.0
29293.0
20063.0
10673.0
6381.0
4247.0
4709.0
4627.0
5643.0
7791.0
14129.0
24895.0
39756.0
46629.0
42255.0
39391.0
42265.0
40312.0
38619.0
41277.0
40726.0
40358.0
36180.0
40217.0
36518.0
29417.0
17659.0
9302.0
5069.0
3039.0
3087.0
3149.0
4311.0
7223.0
12980.0
23326.0
36128.0
39926.0
40823.0
40675.0
42966.0
41312.0
35484.0
32300.0
33945.0
30833.0
31924.0
34445.0
31135.0
23947.0
14606.0
6544.0
3118.0
2973.0
2173.0
3071.0
5539.0
8236.0
14325.0
20352.0
27795.0
29629.0
27559.0
29853.0
32897.0
34294.0
33723.0
35095.0
36160.0
34992.0
34957.0
35687.0
33600.0
28654.0
19723.0
10147.0
5412.0
4217.0
3136.0
3558.0
5134.0
7537.0
12646.0
22417.0
32852.0
35554.0
31211.0
32952.0
37700.0
37862.0
35954.0
35679.0
35554.0
34135.0
30110.0
35250.0
33351.0
28593.0
19768.0
11987.0
6842.0
4225.0
3995.0
4097.0
5165.0
7469.0
12077.0
23002.0
35232.0
40720.0
37688.0
36400.0
41859.0
39733.0
37626.0
39087.0
40607.0
37762.0
35500.0
41219.0
35666.0
29553.0
18947.0
11547.0
6103.0
4224.0
4080.0
4647.0
5562.0
6777.0
12052.0
24305.0
37914.0
44813.0
41057.0
40125.0
45479.0
45462.0
43920.0
42696.0
43060.0
42438.0
35056.0
41963.0
41031.0
32883.0
20538.0
11095.0
6846.0
4590.0
4206.0
4154.0
4622.0
6892.0
12477.0
23630.0
36898.0
44433.0
38726.0
39046.0
41148.0
40289.0
40322.0
40041.0
39799.0
37894.0
33398.0
39068.0
35028.0
29477.0
19243.0
11788.0
6490.0
4215.0
3926.0
4398.0
4344.0
6932.0
12677.0
23473.0
37359.0
46290.0
40494.0
41046.0
43682.0
44668.0
43279.0
42675.0
43460.0
41458.0
36949.0
42289.0
38842.0
30136.0
18611.0
9814.0
5618.0
4292.0
3888.0
4100.0
5275.0
7144.0
14724.0
24155.0
34591.0
42958.0
41356.0
42770.0
48131.0
46595.0
45346.0
42736.0
39706.0
34856.0
36785.0
38709.0
35541.0
27890.0
16223.0
7389.0
4355.0
3834.0
3731.0
3860.0
5501.0
8206.0
15053.0
22724.0
29143.0
31705.0
29604.0
32779.0
36350.0
38066.0
37569.0
38359.0
38937.0
36489.0
34599.0
37191.0
34841.0
29444.0
21211.0
10090.0
5310.0
4095.0
3797.0
4149.0
5563.0
7950.0
13870.0
23568.0
31142.0
34218.0
28567.0
30935.0
34291.0
33746.0
34414.0
35791.0
33197.0
32892.0
29437.0
34555.0
33603.0
27963.0
19446.0
12083.0
6888.0
5057.0
3943.0
3880.0
4230.0
6259.0
11715.0
22655.0
34935.0
41509.0
35966.0
34232.0
37430.0
38754.0
35987.0
38253.0
38713.0
34838.0
32957.0
35708.0
34258.0
28097.0
19020.0
10742.0
5574.0
3815.0
3739.0
3699.0
4224.0
6549.0
12047.0
22549.0
38626.0
43286.0
35058.0
35452.0
38519.0
38831.0
38432.0
38590.0
41310.0
38331.0
32841.0
34711.0
34539.0
30129.0
21722.0
12126.0
5968.0
4301.0
4018.0
4005.0
4840.0
6675.0
12129.0
23517.0
36839.0
42152.0
36307.0
36510.0
39385.0
39688.0
37839.0
38238.0
37769.0
38177.0
34514.0
40009.0
36065.0
30475.0
19984.0
12264.0
6883.0
4834.0
4525.0
4136.0
4577.0
7310.0
12633.0
23950.0
40274.0
49048.0
40079.0
39842.0
44023.0
41993.0
40091.0
40704.0
42147.0
40501.0
36642.0
41081.0
39257.0
30957.0
18307.0
10455.0
6218.0
4439.0
4244.0
4306.0
4814.0
7837.0
13812.0
24562.0
35082.0
44429.0
41749.0
40292.0
44627.0
42788.0
40201.0
37072.0
36108.0
33363.0
36104.0
37266.0
34954.0
28541.0
16631.0
7728.0
4336.0
4096.0
4723.0
4668.0
5977.0
8377.0
14388.0
22415.0
29745.0
33743.0
28886.0
33061.0
36151.0
37530.0
36444.0
36775.0
38444.0
36366.0
34681.0
36482.0
34891.0
31498.0
23728.0
11501.0
5935.0
4473.0
4390.0
5003.0
6910.0
9170.0
15828.0
22773.0
33371.0
37507.0
32535.0
34061.0
40575.0
36080.0
36904.0
36225.0
38858.0
35565.0
33092.0
37696.0
35705.0
30465.0
21963.0
13682.0
6905.0
4591.0
3884.0
4054.0
5664.0
7541.0
13675.0
24150.0
37832.0
44056.0
39237.0
37096.0
40851.0
41924.0
39271.0
38322.0
38947.0
38517.0
35989.0
40772.0
39709.0
28712.0
18175.0
11286.0
6197.0
3854.0
3740.0
3874.0
5339.0
8745.0
14642.0
25387.0
40595.0
46896.0
38964.0
38835.0
42207.0
43302.0
42473.0
43386.0
41988.0
40512.0
36399.0
40432.0
38438.0
29877.0
20897.0
11827.0
6495.0
4705.0
4428.0
4853.0
5722.0
8046.0
14683.0
25955.0
42172.0
45343.0
39347.0
41156.0
43633.0
45320.0
41848.0
41961.0
43658.0
40881.0
36455.0
41096.0
36954.0
29217.0
18879.0
11295.0
5962.0
5068.0
4355.0
4659.0
5691.0
8355.0
14959.0
26812.0
39737.0
45714.0
37610.0
37922.0
42388.0
44024.0
43159.0
41816.0
41765.0
40757.0
34388.0
40083.0
36088.0
27194.0
17748.0
9659.0
5806.0
4683.0
4221.0
4570.0
5687.0
8589.0
15019.0
24174.0
33738.0
34475.0
32045.0
35334.0
39499.0
36861.0
35622.0
33714.0
31078.0
28144.0
29519.0
32245.0
28624.0
21007.0
13715.0
6777.0
3982.0
3816.0
3883.0
4774.0
5789.0
8932.0
14552.0
19927.0
25220.0
23108.0
22040.0
24905.0
28895.0
31024.0
30578.0
31614.0
31440.0
30552.0
29979.0
31717.0
28390.0
24531.0
16352.0
8933.0
5074.0
3997.0
4101.0
4760.0
6027.0
8890.0
15135.0
22970.0
30187.0
30775.0
27292.0
29202.0
33354.0
35339.0
36526.0
35512.0
36034.0
34096.0
32703.0
36703.0
33510.0
27263.0
19871.0
10415.0
5513.0
4779.0
4170.0
4904.0
6238.0
8284.0
15718.0
26785.0
36597.0
38412.0
35369.0
36961.0
39786.0
42372.0
44088.0
44272.0
42185.0
43295.0
39551.0
49235.0
39539.0
28880.0
19311.0
10958.0
5157.0
4153.0
4431.0
4759.0
6423.0
9285.0
15653.0
27532.0
38871.0
41137.0
36151.0
37228.0
33302.0
38239.0
39524.0
40251.0
40974.0
42255.0
42454.0
47287.0
41869.0
36212.0
24335.0
12866.0
6566.0
5038.0
4708.0
5044.0
6610.0
10404.0
17993.0
30352.0
40656.0
46556.0
42232.0
43625.0
47444.0
46868.0
44974.0
44665.0
44458.0
42482.0
38874.0
44795.0
40537.0
33042.0
21508.0
11296.0
5720.0
4207.0
4271.0
5424.0
6296.0
9000.0
16826.0
30347.0
42243.0
47090.0
43589.0
46043.0
52247.0
55602.0
53895.0
53575.0
52831.0
53393.0
48774.0
55380.0
46825.0
33744.0
22714.0
10955.0
5572.0
4888.0
4527.0
5015.0
5966.0
10385.0
17821.0
29049.0
36891.0
41125.0
41918.0
44499.0
49518.0
46422.0
45547.0
41539.0
38792.0
33178.0
35722.0
38792.0
33259.0
22958.0
13869.0
7000.0
4178.0
3015.0
3418.0
4043.0
6040.0
8669.0
14626.0
21021.0
26393.0
23998.0
22924.0
27014.0
31816.0
33725.0
34787.0
34301.0
33937.0
31354.0
33362.0
34886.0
31435.0
26377.0
17834.0
10189.0
5589.0
4582.0
4621.0
5596.0
6907.0
9755.0
16101.0
24061.0
31111.0
29519.0
26589.0
31088.0
34892.0
37679.0
38421.0
39724.0
38482.0
38426.0
34747.0
38924.0
37192.0
29594.0
21440.0
12251.0
6326.0
4579.0
4297.0
4432.0
6345.0
8572.0
15938.0
25862.0
36706.0
37586.0
33359.0
37014.0
39697.0
41054.0
41886.0
41850.0
42971.0
41496.0
40425.0
48135.0
40309.0
32324.0
21584.0
10571.0
5548.0
4937.0
4805.0
5046.0
6427.0
9633.0
16884.0
28201.0
39311.0
39254.0
36853.0
37213.0
42432.0
41798.0
41359.0
43063.0
44541.0
41698.0
37121.0
44689.0
41639.0
33816.0
23341.0
12282.0
6454.0
4919.0
5307.0
5208.0
6933.0
9892.0
17917.0
28370.0
35570.0
40093.0
38323.0
40569.0
42788.0
42815.0
41756.0
42213.0
43752.0
41940.0
38424.0
41194.0
37454.0
31432.0
21584.0
11735.0
5372.0
5070.0
5016.0
6098.0
7185.0
9162.0
16609.0
27498.0
38694.0
40970.0
39033.0
40075.0
44032.0
45948.0
46775.0
48956.0
52929.0
51090.0
49076.0
53803.0
47118.0
35783.0
22936.0
12012.0
6660.0
4787.0
4848.0
5152.0
6372.0
10520.0
18638.0
31006.0
41871.0
45433.0
44799.0
46493.0
48519.0
47552.0
44857.0
41285.0
37138.0
34237.0
37912.0
40932.0
35795.0
27437.0
15788.0
8007.0
4434.0
4230.0
3836.0
4830.0
6852.0
10534.0
17138.0
25979.0
33268.0
33103.0
30909.0
36887.0
41253.0
40341.0
41015.0
41492.0
41749.0
38006.0
40397.0
44678.0
41126.0
34369.0
22401.0
11820.0
6168.0
5378.0
5598.0
6001.0
8375.0
12127.0
18509.0
29654.0
37687.0
35785.0
33478.0
39475.0
45673.0
46484.0
48103.0
48017.0
48952.0
45161.0
43352.0
48513.0
42758.0
37123.0
25375.0
14593.0
7715.0
5158.0
4733.0
4720.0
6437.0
10757.0
19089.0
30875.0
42541.0
43628.0
38007.0
41559.0
49180.0
51248.0
49388.0
47697.0
47885.0
46103.0
46014.0
51458.0
44362.0
34694.0
22499.0
11968.0
6136.0
4677.0
5022.0
5700.0
7131.0
10841.0
17428.0
28689.0
37726.0
38931.0
36363.0
38524.0
43411.0
47852.0
47621.0
45781.0
42132.0
39538.0
37230.0
41582.0
39118.0
31814.0
20379.0
8863.0
5406.0
4547.0
4523.0
5142.0
5977.0
9238.0
15261.0
26249.0
34885.0
36505.0
32702.0
36117.0
39090.0
38184.0
34040.0
34682.0
34784.0
31086.0
31725.0
33929.0
32165.0
25769.0
17968.0
8871.0
5582.0
4083.0
4155.0
4202.0
5587.0
8129.0
13693.0
23515.0
31835.0
33601.0
31536.0
31887.0
35946.0
36856.0
35495.0
35807.0
37264.0
35789.0
32262.0
34273.0
31911.0
23003.0
16726.0
8620.0
5057.0
3991.0
4021.0
4085.0
5124.0
8373.0
13344.0
21882.0
29452.0
29261.0
29637.0
30222.0
33457.0
33191.0
30096.0
29368.0
27847.0
24967.0
27619.0
29212.0
26183.0
19174.0
12471.0
5838.0
3421.0
3070.0
3204.0
3960.0
5683.0
7597.0
12280.0
19574.0
22585.0
21640.0
20171.0
23465.0
26823.0
27751.0
28696.0
29576.0
30030.0
28042.0
28791.0
30429.0
27204.0
21421.0
15567.0
9010.0
5457.0
4292.0
3809.0
4150.0
5729.0
8240.0
13240.0
20391.0
24946.0
24350.0
22695.0
25082.0
28828.0
30303.0
31542.0
32554.0
32737.0
30889.0
30521.0
32529.0
28868.0
24329.0
16633.0
9505.0
5231.0
4401.0
3849.0
4238.0
5857.0
8779.0
13852.0
22597.0
31065.0
27911.0
26520.0
28383.0
30185.0
33005.0
33284.0
34763.0
35353.0
34722.0
32712.0
37875.0
31654.0
24673.0
17409.0
9695.0
5155.0
4452.0
4763.0
4217.0
5548.0
9195.0
14978.0
23972.0
30075.0
32248.0
28148.0
29116.0
31135.0
33756.0
33223.0
35325.0
34226.0
32769.0
31603.0
35501.0
32467.0
26462.0
18612.0
10766.0
6230.0
4912.0
4748.0
5142.0
6025.0
9270.0
15628.0
25757.0
34851.0
34970.0
34315.0
33628.0
35206.0
35933.0
37091.0
38326.0
37907.0
38371.0
36348.0
38440.0
33238.0
27478.0
18576.0
9548.0
5567.0
4316.0
4411.0
4989.0
5691.0
8481.0
15183.0
26346.0
34803.0
36160.0
35322.0
32758.0
36672.0
36742.0
38814.0
39343.0
38906.0
37219.0
34255.0
37415.0
34114.0
25363.0
16710.0
9150.0
4886.0
3865.0
4095.0
4611.0
5698.0
8281.0
14202.0
23413.0
30159.0
29273.0
27766.0
28467.0
30261.0
29875.0
30984.0
28689.0
27188.0
24507.0
25845.0
29306.0
25758.0
20073.0
13465.0
6976.0
3738.0
3012.0
3056.0
3353.0
5231.0
8153.0
14409.0
21006.0
23331.0
23384.0
23390.0
24588.0
29078.0
29592.0
30192.0
30578.0
30882.0
28128.0
30669.0
31057.0
27570.0
23226.0
16720.0
8842.0
5162.0
3667.0
3910.0
4235.0
5616.0
8584.0
13909.0
21347.0
27486.0
28732.0
25869.0
27010.0
30188.0
31926.0
32399.0
32693.0
33617.0
31420.0
31089.0
33956.0
31535.0
33922.0
24041.0
14409.0
7963.0
5671.0
5136.0
5869.0
6940.0
10629.0
17441.0
30399.0
41725.0
42743.0
38712.0
41343.0
44269.0
46550.0
46433.0
45680.0
45602.0
43971.0
43410.0
48238.0
41781.0
34155.0
22507.0
13955.0
7754.0
5065.0
4364.0
5125.0
5985.0
9825.0
17585.0
31561.0
42869.0
46142.0
41199.0
42236.0
46325.0
45892.0
45769.0
45472.0
48503.0
45962.0
44004.0
48099.0
44259.0
34619.0
24183.0
13025.0
6927.0
4605.0
4417.0
4295.0
5406.0
8299.0
15726.0
29246.0
41665.0
45829.0
43232.0
44561.0
48633.0
48567.0
48380.0
47508.0
48534.0
44898.0
43049.0
46825.0
43437.0
33316.0
22414.0
10912.0
5240.0
3898.0
3309.0
3957.0
5622.0
9376.0
17477.0
30660.0
45373.0
49516.0
45132.0
46655.0
51533.0
52419.0
51897.0
52149.0
52307.0
50278.0
48352.0
54613.0
47636.0
35764.0
22113.0
10888.0
5035.0
3488.0
3370.0
3503.0
5653.0
9876.0
16375.0
28622.0
36836.0
40690.0
41943.0
44267.0
48507.0
46848.0
43821.0
41313.0
38227.0
35542.0
36442.0
39742.0
33032.0
25291.0
15968.0
7509.0
3491.0
2977.0
3280.0
4202.0
5638.0
9166.0
15124.0
21930.0
27943.0
27990.0
27330.0
31846.0
37356.0
37706.0
34632.0
38328.0
40134.0
36974.0
37772.0
41596.0
35570.0
29868.0
20430.0
10498.0
5199.0
3642.0
3040.0
3749.0
5104.0
9741.0
16143.0
25265.0
33801.0
34069.0
32332.0
34956.0
37843.0
38596.0
39445.0
41784.0
40429.0
38831.0
36987.0
38299.0
39215.0
30742.0
22559.0
12841.0
6564.0
3544.0
3597.0
4041.0
5161.0
8812.0
16070.0
27979.0
37805.0
38898.0
36294.0
35887.0
39787.0
41240.0
39215.0
39337.0
40272.0
41430.0
39955.0
32273.0
38103.0
31149.0
20097.0
11538.0
5583.0
3298.0
3082.0
4108.0
5325.0
9382.0
16832.0
29469.0
40625.0
41219.0
38264.0
38375.0
42787.0
42593.0
43101.0
43248.0
43386.0
35027.0
30938.0
33869.0
30963.0
32114.0
21964.0
12010.0
6160.0
3754.0
3219.0
4084.0
5680.0
8967.0
17000.0
29425.0
40033.0
41302.0
37687.0
39121.0
42197.0
43736.0
43755.0
43609.0
44060.0
42563.0
40103.0
44955.0
40512.0
31675.0
21349.0
11950.0
6114.0
3197.0
3227.0
3103.0
5145.0
9553.0
18140.0
34829.0
46999.0
49468.0
42624.0
45186.0
48801.0
47475.0
50392.0
51158.0
50552.0
50662.0
47286.0
52805.0
48050.0
37137.0
24554.0
13603.0
6807.0
4402.0
4233.0
4769.0
6998.0
10795.0
18605.0
31539.0
44139.0
43940.0
42827.0
44636.0
47115.0
44384.0
43422.0
41688.0
39447.0
35841.0
38537.0
43699.0
37229.0
27581.0
16446.0
8239.0
4084.0
3434.0
3465.0
4538.0
7038.0
10927.0
15890.0
22270.0
29165.0
27610.0
26370.0
29977.0
35320.0
37093.0
36913.0
37972.0
39304.0
36657.0
38951.0
40865.0
38138.0
30650.0
20757.0
11414.0
5478.0
3611.0
3336.0
4401.0
6124.0
10398.0
16858.0
27445.0
33243.0
32340.0
29903.0
33687.0
38507.0
39120.0
41808.0
42623.0
41755.0
39194.0
37467.0
38813.0
37170.0
31940.0
23446.0
13414.0
7566.0
4459.0
3889.0
4590.0
6204.0
9260.0
17100.0
26394.0
36936.0
39841.0
35937.0
39608.0
34270.0
29752.0
35037.0
36514.0
36355.0
37758.0
33718.0
36176.0
30847.0
24700.0
17329.0
10153.0
5969.0
4541.0
4555.0
4868.0
6017.0
9271.0
15813.0
25125.0
35847.0
36770.0
34681.0
34322.0
37520.0
36443.0
37630.0
37058.0
38797.0
36876.0
34510.0
38133.0
33078.0
27280.0
17063.0
9466.0
5165.0
4097.0
3609.0
4573.0
6636.0
9546.0
15209.0
22140.0
30319.0
34337.0
32945.0
33784.0
38155.0
37109.0
36642.0
37973.0
36745.0
35476.0
33511.0
36905.0
33440.0
25777.0
14480.0
8426.0
4108.0
3334.0
4005.0
4604.0
6925.0
9636.0
15010.0
21504.0
27994.0
31110.0
29780.0
32840.0
36358.0
37774.0
38997.0
40493.0
37839.0
36115.0
34079.0
38252.0
33969.0
25964.0
16108.0
8993.0
5417.0
3661.0
3465.0
4352.0
5984.0
8081.0
14405.0
21634.0
30578.0
31005.0
31562.0
32561.0
33943.0
33142.0
29872.0
30033.0
27246.0
24849.0
28357.0
29300.0
26582.0
19909.0
12899.0
7201.0
3744.0
3058.0
3931.0
4315.0
5787.0
7849.0
12275.0
18828.0
21417.0
21145.0
21623.0
24803.0
27630.0
29116.0
30165.0
29894.0
29842.0
28111.0
29195.0
30987.0
28380.0
25215.0
17598.0
9829.0
4779.0
3653.0
3948.0
4528.0
6030.0
9147.0
14980.0
22925.0
27136.0
26296.0
26482.0
27589.0
30520.0
30191.0
32236.0
34335.0
31812.0
31246.0
29615.0
34193.0
31447.0
26074.0
18961.0
12170.0
6363.0
4423.0
4550.0
4482.0
6205.0
9614.0
16070.0
25565.0
35036.0
36046.0
32694.0
33956.0
34896.0
35621.0
36390.0
37953.0
37830.0
37781.0
36878.0
37600.0
33567.0
26887.0
19719.0
11241.0
6517.0
4549.0
4277.0
4611.0
6404.0
9482.0
16393.0
27147.0
40863.0
41465.0
38000.0
37562.0
41153.0
39891.0
38994.0
41224.0
40851.0
38267.0
35896.0
39998.0
37364.0
29803.0
20492.0
12462.0
6794.0
5110.0
4930.0
5336.0
7175.0
10699.0
17009.0
27570.0
38235.0
41028.0
37618.0
37117.0
39543.0
38309.0
39833.0
40210.0
41023.0
40049.0
36174.0
39263.0
36038.0
29850.0
20359.0
12432.0
7198.0
4683.0
4854.0
5546.0
6808.0
11015.0
18842.0
32164.0
42202.0
42198.0
38675.0
39305.0
40741.0
41493.0
44242.0
46010.0
43144.0
44335.0
41129.0
7.0
45246.0
38820.0
30812.0
19821.0
11223.0
5832.0
4284.0
4761.0
5133.0
6721.0
9222.0
17047.0
30281.0
37723.0
38405.0
38677.0
36687.0
41093.0
40045.0
41916.0
39152.0
35808.0
31955.0
35506.0
37923.0
33461.0
24938.0
15579.0
9003.0
4524.0
3144.0
4226.0
4900.0
8040.0
10505.0
15436.0
22085.0
26042.0
24611.0
25441.0
28314.0
34439.0
36824.0
36967.0
37804.0
37425.0
35413.0
35892.0
36890.0
34464.0
30024.0
21354.0
12055.0
6153.0
4183.0
4101.0
5051.0
6944.0
10928.0
16403.0
24288.0
30176.0
30677.0
30197.0
31528.0
37099.0
38312.0
39548.0
40365.0
38298.0
37137.0
33786.0
38519.0
35526.0
29743.0
21816.0
13373.0
7786.0
5511.0
4942.0
4838.0
6314.0
9479.0
16894.0
28529.0
40233.0
42229.0
35962.0
36512.0
40962.0
42769.0
41604.0
42959.0
43414.0
43191.0
45470.0
59559.0
50652.0
42541.0
32605.0
18692.0
9725.0
5459.0
5056.0
4988.0
6419.0
10812.0
21143.0
37056.0
51827.0
50066.0
44047.0
42894.0
46477.0
46477.0
14738.0
35618.0
51929.0
54529.0
47912.0
52785.0
48239.0
40294.0
30741.0
16746.0
7565.0
4889.0
4254.0
4950.0
6357.0
10048.0
19590.0
35457.0
50602.0
50567.0
44070.0
44531.0
47404.0
46025.0
47659.0
48698.0
49427.0
51140.0
45482.0
48248.0
42489.0
36495.0
25748.0
15321.0
7419.0
4666.0
4647.0
5239.0
6378.0
10092.0
20083.0
36384.0
53961.0
59715.0
50369.0
48394.0
50978.0
49644.0
50924.0
51985.0
54363.0
53361.0
49961.0
54467.0
48967.0
38881.0
25090.0
14082.0
6978.0
5063.0
4401.0
4571.0
6942.0
11256.0
19030.0
35111.0
49555.0
54683.0
52092.0
48586.0
49308.0
46196.0
44026.0
44310.0
43197.0
39538.0
43004.0
45646.0
39321.0
30322.0
18880.0
10415.0
4956.0
3909.0
4438.0
5611.0
7492.0
12083.0
18027.0
30349.0
37088.0
37698.0
34374.0
35190.0
39843.0
39265.0
40008.0
40900.0
41117.0
41267.0
39195.0
41609.0
40220.0
37112.0
23732.0
14111.0
6780.0
4603.0
5050.0
5237.0
6975.0
11395.0
18312.0
30152.0
38797.0
40605.0
37727.0
35347.0
39623.0
41168.0
39994.0
41852.0
42467.0
41409.0
40886.0
42655.0
40641.0
34272.0
25889.0
16140.0
8345.0
4981.0
5186.0
5071.0
6099.0
10377.0
18590.0
33598.0
51751.0
56280.0
48101.0
45559.0
45649.0
44210.0
44984.0
57686.0
56403.0
52352.0
44131.0
15014.0
49407.0
40996.0
30735.0
18572.0
9883.0
5599.0
3973.0
5300.0
7239.0
11376.0
21496.0
41413.0
62998.0
70979.0
66621.0
61900.0
57964.0
63306.0
63427.0
61396.0
68340.0
72711.0
67614.0
65313.0
71986.0
68830.0
70454.0
19584.0
7698.0
4309.0
3879.0
3987.0
5523.0
9726.0
18341.0
31454.0
45383.0
51570.0
46566.0
46964.0
48173.0
45729.0
44900.0
45919.0
45115.0
48384.0
41183.0
44412.0
40121.0
34993.0
24845.0
14054.0
6932.0
4388.0
4085.0
4068.0
5514.0
7665.0
15401.0
29899.0
45672.0
58265.0
47679.0
47826.0
52316.0
50071.0
48305.0
49224.0
48922.0
51779.0
44521.0
46950.0
42974.0
35828.0
23269.0
11606.0
5983.0
3354.0
3129.0
4042.0
5160.0
7642.0
15250.0
27527.0
40382.0
46386.0
44801.0
41400.0
42498.0
42292.0
40014.0
36906.0
36499.0
35605.0
36799.0
39001.0
34499.0
25419.0
14977.0
7726.0
4097.0
3440.0
3645.0
4721.0
5761.0
9914.0
13870.0
24388.0
30522.0
32103.0
31655.0
31945.0
34794.0
34148.0
35541.0
35778.0
34644.0
35443.0
34969.0
35648.0
34769.0
26637.0
19212.0
11250.0
5442.0
3308.0
3024.0
3697.0
5225.0
7873.0
13503.0
25335.0
34189.0
34994.0
35064.0
32625.0
34535.0
35052.0
34903.0
35935.0
39868.0
38044.0
36662.0
37785.0
36476.0
31068.0
22775.0
12457.0
7190.0
3914.0
3106.0
3767.0
3968.0
7335.0
13476.0
25106.0
38647.0
44276.0
41289.0
38464.0
39534.0
37854.0
38441.0
39373.0
39214.0
40838.0
37451.0
40959.0
39108.0
28711.0
20297.0
12066.0
5782.0
3694.0
3297.0
3381.0
4928.0
7345.0
12981.0
26443.0
41003.0
44024.0
37065.0
35415.0
38025.0
37741.0
34473.0
32428.0
31707.0
32366.0
28816.0
32312.0
30086.0
27470.0
18661.0
10707.0
5853.0
3759.0
3351.0
3539.0
4836.0
6665.0
12710.0
24024.0
35686.0
38746.0
35730.0
33924.0
37476.0
36286.0
35962.0
34684.0
33645.0
33014.0
28656.0
32754.0
31537.0
27384.0
18385.0
11001.0
6094.0
3245.0
2663.0
3247.0
4499.0
6861.0
13450.0
24187.0
37223.0
43265.0
38491.0
36423.0
38441.0
38710.0
35872.0
35755.0
38253.0
35487.0
33084.0
37784.0
34158.0
27413.0
16468.0
9639.0
5222.0
3120.0
3124.0
3448.0
4476.0
6651.0
12650.0
22435.0
36030.0
39702.0
35529.0
36630.0
35290.0
34509.0
32885.0
31684.0
28731.0
27026.0
27979.0
32259.0
28809.0
22727.0
14073.0
7418.0
3955.0
2807.0
2711.0
3590.0
4573.0
7515.0
12566.0
18844.0
23635.0
22856.0
22179.0
23625.0
27387.0
28310.0
27017.0
28126.0
28460.0
27094.0
27132.0
30505.0
29288.0
26202.0
16256.0
9719.0
4183.0
3234.0
2603.0
3002.0
3796.0
6305.0
12033.0
21514.0
27547.0
28682.0
27857.0
28315.0
30305.0
32020.0
30425.0
29941.0
30854.0
29381.0
27535.0
30500.0
28922.0
26982.0
18004.0
10884.0
5597.0
3450.0
2877.0
3029.0
4172.0
6652.0
11173.0
22595.0
32014.0
35337.0
29510.0
29693.0
30485.0
32904.0
31569.0
29070.0
28517.0
30073.0
27001.0
31978.0
29349.0
22179.0
13674.0
7687.0
4285.0
3094.0
2593.0
3084.0
3898.0
5292.0
10993.0
20430.0
31700.0
34185.0
28844.0
29304.0
31439.0
31618.0
31567.0
31795.0
31641.0
30118.0
27270.0
30224.0
29447.0
25207.0
17688.0
10347.0
5331.0
2862.0
2679.0
3154.0
3847.0
5819.0
10837.0
21128.0
33868.0
36467.0
32400.0
31881.0
33306.0
34328.0
31902.0
31747.0
30922.0
30164.0
27516.0
32124.0
29573.0
25351.0
16597.0
10802.0
5344.0
3483.0
2818.0
3103.0
3421.0
6121.0
12092.0
23160.0
34846.0
39648.0
34563.0
33893.0
34081.0
35690.0
36788.0
37462.0
37257.0
36503.0
32388.0
37607.0
34633.0
26301.0
16737.0
9507.0
4856.0
3225.0
2974.0
3198.0
4085.0
6702.0
12771.0
22919.0
34850.0
37209.0
33915.0
33231.0
33163.0
31908.0
29617.0
28247.0
25500.0
24804.0
25712.0
27284.0
24747.0
20533.0
12935.0
6428.0
3091.0
2570.0
2471.0
3307.0
4660.0
7029.0
12326.0
18212.0
21391.0
21819.0
18743.0
21519.0
25118.0
26022.0
25525.0
27310.0
26441.0
25369.0
25951.0
27147.0
26489.0
22081.0
17435.0
9417.0
4675.0
2711.0
2521.0
3086.0
4426.0
7957.0
13921.0
20439.0
26355.0
25784.0
22188.0
24998.0
28245.0
29358.0
28273.0
29013.0
30241.0
28520.0
26086.0
30926.0
28090.0
22741.0
16911.0
11436.0
6321.0
3098.0
3167.0
3511.0
3886.0
6643.0
11387.0
21340.0
32972.0
32489.0
29632.0
28388.0
30848.0
31093.0
30988.0
31205.0
31095.0
30023.0
29890.0
28858.0
30489.0
23848.0
16358.0
10379.0
5564.0
3392.0
3597.0
3746.0
4866.0
6548.0
13064.0
21669.0
35371.0
35628.0
30589.0
30648.0
31521.0
33144.0
32720.0
32134.0
33303.0
33858.0
29511.0
31802.0
30540.0
25603.0
16742.0
10543.0
5675.0
3529.0
3661.0
3317.0
3913.0
6356.0
12824.0
24509.0
34693.0
37346.0
33683.0
29029.0
36014.0
32505.0
31796.0
32265.0
31887.0
30192.0
27785.0
32243.0
29497.0
23776.0
16476.0
10566.0
5909.0
3589.0
3155.0
3478.0
4128.0
6497.0
12167.0
24999.0
39064.0
41483.0
36082.0
35647.0
36802.0
36713.0
34468.0
35471.0
35751.0
36275.0
31335.0
36723.0
32596.0
25611.0
15997.0
8733.0
4905.0
3117.0
2573.0
3347.0
4499.0
6769.0
12855.0
23506.0
33384.0
37356.0
36695.0
35797.0
37526.0
33491.0
32920.0
29580.0
26748.0
24102.0
25344.0
27845.0
25072.0
20168.0
12914.0
6981.0
3367.0
2363.0
2481.0
2932.0
4751.0
7109.0
13213.0
18160.0
24994.0
22706.0
22639.0
23170.0
25110.0
26988.0
24888.0
27715.0
27301.0
26689.0
26755.0
27556.0
26424.0
22568.0
17763.0
10339.0
4920.0
2932.0
2971.0
3225.0
4439.0
6896.0
13070.0
20664.0
28708.0
28950.0
27001.0
26945.0
29516.0
29873.0
29402.0
29466.0
28448.0
29057.0
24563.0
28620.0
25874.0
24835.0
17231.0
10347.0
5540.0
3578.0
3240.0
3007.0
3904.0
6424.0
11454.0
22064.0
33992.0
38457.0
33032.0
30737.0
33734.0
31492.0
30407.0
33151.0
31702.0
33215.0
31649.0
33420.0
27812.0
24493.0
17046.0
10184.0
5206.0
3383.0
2800.0
3399.0
4232.0
6572.0
11508.0
22984.0
35805.0
38817.0
32318.0
31129.0
31218.0
32415.0
33298.0
31521.0
33307.0
33244.0
30005.0
31446.0
30645.0
25919.0
15854.0
8251.0
5724.0
3053.0
3069.0
3337.0
3532.0
5928.0
11345.0
20645.0
33705.0
37927.0
33899.0
33770.0
34527.0
34116.0
31397.0
32663.0
33371.0
33067.0
28843.0
31610.0
28488.0
24468.0
14236.0
7870.0
4734.0
3105.0
2985.0
3537.0
4142.0
5548.0
11718.0
21631.0
30421.0
36752.0
35838.0
33608.0
37178.0
36275.0
31252.0
31525.0
28807.0
29676.0
28743.0
34216.0
30344.0
25087.0
16121.0
7839.0
3532.0
2645.0
2707.0
3089.0
3686.0
6558.0
12381.0
18328.0
23809.0
25024.0
25522.0
24816.0
27278.0
24649.0
21688.0
21607.0
21273.0
19002.0
21899.0
23727.0
21518.0
18140.0
11796.0
6242.0
3387.0
2775.0
2315.0
2923.0
4773.0
6999.0
10460.0
17636.0
21800.0
21405.0
21598.0
23224.0
25553.0
26287.0
24759.0
25787.0
26292.0
26289.0
28482.0
25869.0
22769.0
19618.0
14904.0
8807.0
4359.0
2750.0
2487.0
2687.0
3778.0
6236.0
10988.0
18585.0
23365.0
22727.0
24293.0
24258.0
24596.0
26394.0
25940.0
24225.0
25778.0
26023.0
25524.0
28121.0
27337.0
22568.0
15028.0
8717.0
4757.0
3302.0
2602.0
2442.0
4197.0
5157.0
9232.0
17320.0
26593.0
31473.0
28771.0
27147.0
29639.0
29653.0
27898.0
28384.0
29465.0
27940.0
27459.0
32249.0
27373.0
21777.0
15488.0
8983.0
4237.0
2884.0
2695.0
2673.0
2991.0
4815.0
9111.0
19178.0
29250.0
32337.0
29887.0
29675.0
31438.0
32066.0
31732.0
31429.0
30987.0
31311.0
27324.0
29728.0
28607.0
25806.0
15870.0
8635.0
4150.0
2889.0
2469.0
2776.0
3678.0
4892.0
8977.0
19627.0
30954.0
34818.0
33694.0
32942.0
36869.0
33876.0
31711.0
32355.0
31514.0
31069.0
30267.0
32848.0
30932.0
25353.0
15838.0
9332.0
5079.0
3131.0
2619.0
2848.0
3619.0
5362.0
10523.0
21709.0
31702.0
37701.0
33429.0
31496.0
33473.0
32737.0
31758.0
32427.0
34384.0
35558.0
32588.0
33571.0
30275.0
23169.0
14849.0
7779.0
3936.0
2871.0
2654.0
2668.0
3895.0
6034.0
11111.0
20706.0
30867.0
35456.0
33508.0
31458.0
29841.0
30561.0
27487.0
25282.0
24172.0
23842.0
24473.0
25939.0
23231.0
18988.0
12602.0
5823.0
3377.0
2337.0
2677.0
2789.0
4508.0
6528.0
11877.0
18094.0
23486.0
23420.0
24212.0
25605.0
27622.0
28496.0
28269.0
27255.0
28399.0
27956.0
27536.0
29979.0
27691.0
23021.0
15390.0
7567.0
3888.0
3000.0
2356.0
3285.0
4035.0
6186.0
11388.0
19628.0
25723.0
26967.0
25446.0
29636.0
32455.0
34070.0
31388.0
32580.0
33320.0
32120.0
31272.0
34514.0
29857.0
26343.0
17464.0
8902.0
4165.0
3003.0
2780.0
2858.0
3748.0
7218.0
12335.0
20432.0
27975.0
31993.0
30863.0
33182.0
37980.0
36787.0
34204.0
34829.0
32779.0
32554.0
33579.0
34528.0
34785.0
27561.0
18020.0
8966.0
4908.0
3324.0
2981.0
3599.0
4810.0
7077.0
12437.0
21107.0
26601.0
27731.0
25204.0
25495.0
29429.0
30834.0
28504.0
30871.0
30892.0
31421.0
26252.0
32296.0
28674.0
23474.0
16665.0
10174.0
5431.0
3441.0
3585.0
3265.0
4095.0
6197.0
11457.0
22095.0
32212.0
33124.0
29543.0
28235.0
31266.0
31088.0
29621.0
28867.0
30390.0
26432.0
29447.0
32102.0
28999.0
25114.0
16307.0
11709.0
6179.0
3417.0
3270.0
3700.0
4354.0
6977.0
12975.0
23084.0
35520.0
36392.0
31015.0
30379.0
35028.0
36744.0
33792.0
33921.0
31753.0
33646.0
30267.0
33551.0
30780.0
25456.0
16206.0
8787.0
4491.0
3270.0
3116.0
3568.0
4159.0
6679.0
11634.0
22960.0
30444.0
33739.0
32713.0
31858.0
31767.0
28613.0
26624.0
24338.0
23736.0
22683.0
23216.0
25028.0
23185.0
19580.0
12906.0
6763.0
3757.0
2703.0
2992.0
3515.0
4709.0
7439.0
13088.0
20587.0
26055.0
25755.0
24831.0
26027.0
28343.0
25520.0
27784.0
29286.0
30272.0
30010.0
33325.0
34752.0
31963.0
22735.0
18797.0
8906.0
4511.0
3616.0
3064.0
3609.0
4827.0
7436.0
13405.0
21732.0
26287.0
28930.0
28397.0
30276.0
33031.0
32285.0
30159.0
29929.0
31680.0
31501.0
30562.0
34553.0
37551.0
27353.0
18780.0
9536.0
4996.0
3555.0
3526.0
3957.0
4566.0
7457.0
12871.0
21249.0
29654.0
30737.0
27349.0
28040.0
28605.0
29731.0
29449.0
30882.0
28063.0
30552.0
27910.0
30775.0
28091.0
24529.0
18744.0
11794.0
6089.0
3813.0
3553.0
3694.0
4208.0
7244.0
13902.0
24453.0
33942.0
35236.0
34660.0
33981.0
36860.0
40238.0
39426.0
38002.0
41640.0
42487.0
39014.0
34681.0
30788.0
26311.0
18710.0
11804.0
5916.0
3558.0
3365.0
3836.0
4448.0
7118.0
13322.0
23242.0
34345.0
37576.0
34179.0
33921.0
34166.0
33750.0
34395.0
36169.0
33876.0
34829.0
32372.0
35234.0
31595.0
27047.0
15043.0
7864.0
4554.0
3416.0
3257.0
3466.0
4505.0
6434.0
12520.0
22257.0
33705.0
37945.0
35204.0
23998.0
38385.0
38229.0
37806.0
35914.0
34489.0
30587.0
31111.0
35099.0
33858.0
27067.0
14968.0
8298.0
4102.0
2646.0
2925.0
3054.0
4030.0
6707.0
12720.0
20714.0
30606.0
33331.0
33063.0
33147.0
37076.0
35409.0
29981.0
28532.0
27532.0
24789.0
26328.0
27387.0
24909.0
17602.0
10588.0
5304.0
2439.0
2203.0
2646.0
2907.0
3921.0
6355.0
10577.0
16536.0
21263.0
21679.0
21903.0
23835.0
26168.0
25842.0
25974.0
25173.0
26023.0
24833.0
23256.0
25379.0
23952.0
20987.0
13273.0
7193.0
3984.0
2858.0
2625.0
3647.0
4247.0
7143.0
11813.0
18813.0
24869.0
26233.0
27926.0
31223.0
32969.0
34436.0
31755.0
30541.0
29719.0
26154.0
28364.0
32604.0
28780.0
22656.0
14483.0
6750.0
3154.0
2451.0
2904.0
2763.0
4111.0
5951.0
11001.0
17394.0
22803.0
23906.0
23512.0
25724.0
28202.0
27749.0
28531.0
28835.0
27290.0
28060.0
25901.0
29314.0
24908.0
21297.0
14276.0
8596.0
3952.0
2973.0
2492.0
3228.0
3421.0
4779.0
10499.0
18683.0
27359.0
30043.0
27511.0
27159.0
29037.0
29192.0
27456.0
28957.0
28550.0
28074.0
25857.0
28087.0
25951.0
22422.0
14917.0
8644.0
4606.0
3043.0
2762.0
3136.0
3347.0
4946.0
10442.0
18864.0
26717.0
28947.0
28037.0
27489.0
29229.0
30129.0
29429.0
30724.0
27615.0
27967.0
26510.0
28752.0
26394.0
21975.0
14728.0
8044.0
4404.0
2581.0
2721.0
3053.0
4245.0
5356.0
11133.0
21477.0
30761.0
34317.0
33177.0
32516.0
37175.0
35310.0
35518.0
35309.0
33325.0
34169.0
30741.0
33933.0
30459.0
23113.0
14273.0
6581.0
3604.0
2679.0
2635.0
2875.0
3723.0
5690.0
9859.0
18973.0
27431.0
30134.0
31751.0
31252.0
35428.0
34751.0
31478.0
28824.0
25968.0
23767.0
25384.0
26863.0
23219.0
17373.0
10312.0
4878.0
2543.0
1998.0
2205.0
2662.0
4015.0
6454.0
10486.0
15917.0
20220.0
21814.0
20615.0
22980.0
26446.0
26414.0
25262.0
25359.0
24748.0
24050.0
25514.0
25656.0
22473.0
19888.0
13966.0
7598.0
3339.0
2110.0
2237.0
2747.0
3612.0
5788.0
9365.0
15778.0
21766.0
22105.0
20694.0
22734.0
25101.0
25370.0
24381.0
24946.0
25786.0
23392.0
21863.0
25803.0
23112.0
20485.0
14658.0
8539.0
4122.0
2926.0
2877.0
2757.0
3576.0
5438.0
9650.0
17452.0
26483.0
29116.0
25828.0
25843.0
27187.0
26555.0
25539.0
25988.0
26146.0
27306.0
25713.0
29199.0
29837.0
22905.0
15071.0
7824.0
4613.0
2690.0
2487.0
2654.0
3303.0
5356.0
9610.0
15906.0
21209.0
22904.0
23025.0
22023.0
24200.0
25188.0
27074.0
25142.0
26275.0
25855.0
23491.0
25486.0
24348.0
21203.0
14260.0
7732.0
4126.0
2776.0
2638.0
2534.0
3135.0
4497.0
8862.0
16396.0
24180.0
24013.0
22807.0
19176.0
21343.0
24029.0
24675.0
24121.0
24871.0
24612.0
21951.0
22974.0
51358.0
20121.0
13358.0
7129.0
4146.0
2624.0
2349.0
2545.0
3081.0
4479.0
9391.0
17341.0
25988.0
30279.0
28469.0
27609.0
28931.0
29247.0
27148.0
27275.0
29195.0
27497.0
26227.0
27570.0
26928.0
22310.0
13751.0
7157.0
3949.0
3171.0
3269.0
3014.0
3607.0
5686.0
10389.0
16104.0
24734.0
28893.0
28972.0
28140.0
29657.0
28326.0
24954.0
24662.0
22000.0
20599.0
22712.0
24440.0
21799.0
17302.0
11383.0
5365.0
3230.0
2380.0
2216.0
2704.0
3987.0
5952.0
10541.0
14807.0
20829.0
21437.0
20638.0
23715.0
25004.0
23258.0
23661.0
23380.0
23875.0
22628.0
22727.0
20715.0
17029.0
15347.0
11616.0
5939.0
2897.0
2476.0
2349.0
2629.0
3442.0
4873.0
8064.0
12857.0
16574.0
17339.0
15981.0
16813.0
17732.0
17748.0
16326.0
16695.0
16431.0
15923.0
14530.0
19776.0
23690.0
21335.0
14671.0
8477.0
4471.0
3196.0
2448.0
3217.0
3470.0
4776.0
8866.0
17691.0
25444.0
29483.0
25360.0
24924.0
26296.0
27350.0
24660.0
26731.0
26576.0
25726.0
24395.0
27621.0
26267.0
20135.0
14323.0
7644.0
4623.0
3064.0
2811.0
3418.0
3505.0
4623.0
9737.0
17846.0
26496.0
28966.0
25114.0
24836.0
26910.0
25344.0
27471.0
26920.0
25865.0
26147.0
23075.0
25718.0
24948.0
22007.0
15165.0
8547.0
4508.0
3354.0
3691.0
3748.0
4066.0
5194.0
8674.0
17451.0
25759.0
28462.0
25921.0
26356.0
26757.0
25381.0
26343.0
26581.0
25769.0
25624.0
24269.0
27381.0
24624.0
20941.0
13084.0
8681.0
4716.0
3699.0
3316.0
3273.0
3714.0
5175.0
9850.0
18010.0
28011.0
31098.0
27921.0
27148.0
29902.0
30411.0
29293.0
30389.0
28995.0
28068.0
26974.0
29534.0
26539.0
21238.0
13052.0
7050.0
4655.0
3808.0
3863.0
3384.0
3851.0
5306.0
9801.0
17213.0
24222.0
26899.0
26602.0
27230.0
27650.0
25247.0
22720.0
21996.0
21085.0
18969.0
20143.0
22347.0
19922.0
16289.0
11048.0
5313.0
2948.0
3245.0
2918.0
3087.0
4549.0
6444.0
10363.0
15957.0
21595.0
20503.0
20920.0
24340.0
27334.0
25401.0
25746.0
26398.0
26012.0
24812.0
22992.0
25029.0
24247.0
20407.0
14307.0
7071.0
3991.0
2709.0
3356.0
3108.0
4143.0
6530.0
9631.0
16454.0
20974.0
24400.0
22638.0
22548.0
23626.0
24089.0
24477.0
24511.0
22727.0
9300.0
11179.0
23976.0
11522.0
0.0
0.0
0.0
0.0
0.0
12.0
3296.0
3521.0
5300.0
9403.0
17556.0
26490.0
30374.0
25790.0
27154.0
28941.0
25530.0
24173.0
23430.0
23943.0
11453.0
23500.0
28647.0
27467.0
20066.0
14467.0
7244.0
4064.0
2585.0
2394.0
2728.0
3086.0
4626.0
8885.0
17527.0
27106.0
29370.0
26914.0
26589.0
26398.0
25889.0
24892.0
25968.0
26729.0
26463.0
22932.0
26112.0
24817.0
21864.0
15091.0
7394.0
3605.0
1912.0
1991.0
2724.0
2693.0
4416.0
8656.0
16864.0
26884.0
30583.0
27078.0
26362.0
27783.0
27129.0
27143.0
26611.0
27547.0
26772.0
24067.0
27802.0
24073.0
20664.0
12236.0
6254.0
3495.0
2488.0
2182.0
2706.0
3394.0
5303.0
9183.0
17225.0
23697.0
29174.0
29364.0
31259.0
31947.0
28236.0
25839.0
24186.0
23367.0
24148.0
24453.0
27998.0
25870.0
19447.0
11158.0
4597.0
2188.0
1749.0
1830.0
2151.0
3303.0
5835.0
10061.0
15325.0
20916.0
22723.0
23788.0
24232.0
25575.0
22421.0
20327.0
18514.0
18029.0
15588.0
17722.0
19864.0
19584.0
15785.0
10033.0
4160.0
2161.0
1562.0
1984.0
1939.0
3004.0
4947.0
9950.0
15196.0
20202.0
20545.0
19845.0
24171.0
26620.0
9669.0
0.0
0.0
0.0
0.0
0.0
0.0
0.0
0.0
0.0
0.0
0.0
0.0
9.0
2245.0
3097.0
5176.0
9441.0
16340.0
22034.0
23983.0
22857.0
24492.0
26181.0
27810.0
25542.0
25978.0
26745.0
25849.0
24011.0
26326.0
22989.0
20294.0
13282.0
8809.0
3990.0
2320.0
2108.0
2402.0
2970.0
4904.0
9275.0
16461.0
25468.0
30762.0
27685.0
29282.0
33690.0
31055.0
28089.0
29760.0
26017.0
25296.0
22695.0
25699.0
23730.0
20011.0
12390.0
5440.0
3491.0
2435.0
1743.0
1778.0
2959.0
4766.0
9523.0
16689.0
26106.0
28745.0
26448.0
27858.0
29871.0
27853.0
29266.0
27265.0
22784.0
12500.0
22965.0
26392.0
0.0
23816.0
19458.0
11965.0
7056.0
3284.0
2204.0
1809.0
2079.0
2603.0
4955.0
9010.0