7.527813911437988
6.91355037689209
5.912807941436768
4.313910007476807
4.316158771514893
4.258884906768799
4.579161643981934
4.960286617279053
3.999020576477051
4.401425838470459
4.135282516479492
5.464533805847168
8.943300247192383
9.958080291748047
8.966503143310547
8.042899131774902
8.72685432434082
9.190101623535156
8.834495544433594
9.010475158691406
8.239029884338379
8.119449615478516
6.982141971588135
7.421501159667969
7.263582229614258
6.517080783843994
5.278942108154297
3.9949264526367188
3.898196220397949
3.881495475769043
3.8011996746063232
3.8844516277313232
3.5477023124694824
4.834654808044434
3.7689359188079834
5.786930561065674
9.203900337219238
10.278064727783203
8.722158432006836
8.728689193725586
9.376867294311523
9.440147399902344
8.226175308227539
8.470255851745605
8.755057334899902
8.1629056930542
6.9549665451049805
6.088401794433594
4.342644214630127
4.321066379547119
3.5716493129730225
3.7839407920837402
3.8381130695343018
3.5229573249816895
3.744319438934326
4.389236927032471
3.381711959838867
3.2395071983337402
4.556869029998779
3.629483938217163
5.141286849975586
6.318385601043701
5.284605503082275
5.143865585327148
5.450751304626465
5.145217418670654
5.02703332901001
5.105942726135254
4.916318893432617
5.155731201171875
4.778192520141602
6.222641944885254
4.705789089202881
3.9754223823547363
3.4943654537200928
3.6324446201324463
4.088577747344971
4.014149188995361
5.081632614135742
4.167037010192871
3.045696973800659
2.832617998123169
3.0218799114227295
3.5540170669555664
4.63239049911499
5.796022415161133
5.2005486488342285
5.069477558135986
5.336801052093506
5.442559242248535
4.54306173324585
5.011393070220947
4.3505964279174805
4.287419319152832
4.185315132141113
4.348701000213623
4.273390293121338
3.907170057296753
3.5167055130004883
3.631570816040039
4.0089802742004395
3.553649425506592
4.533824443817139
4.446108818054199
3.171149969100952
4.009470462799072
3.1593716144561768
3.450275182723999
3.7198777198791504
4.149616718292236
3.9053304195404053
4.043211936950684
4.346900939941406
4.213360786437988
4.330130577087402
4.291750907897949
4.498008728027344
4.285093784332275
4.391452312469482
4.521198272705078
4.624464511871338
4.005130290985107
3.607919692993164
4.67487907409668
4.220805644989014
4.044344425201416
3.6399872303009033
4.385047912597656
2.870666265487671
2.9648401737213135
3.1217775344848633
4.458536148071289
4.347680568695068
4.373909950256348
4.458780765533447
4.445526599884033
4.784801006317139
4.816649913787842
4.484201908111572
4.552145481109619
4.731225967407227
4.398476600646973
4.30421781539917
4.4797163009643555
4.549638748168945
5.166474342346191
3.9516894817352295
3.665804624557495
3.9273605346679688
3.9924259185791016
3.8450562953948975
3.7175981998443604
3.160116195678711
2.8545989990234375
3.8772873878479004
3.4082252979278564
4.174869537353516
5.055673122406006
5.581962585449219
4.62313175201416
5.5656609535217285
4.972465991973877
4.699835300445557
4.71384334564209
4.782525062561035
4.667681694030762
4.497323989868164
5.138164520263672
4.645740985870361
4.480729579925537
3.668179750442505
3.5495798587799072
4.048336982727051
4.023910999298096
4.587009906768799
3.617602825164795
3.4255664348602295
3.279327154159546
6.325672149658203
3.7340877056121826
4.912855625152588
5.970611095428467
5.465207099914551
5.099987506866455
5.543503761291504
6.3657121658325195
5.708515644073486
5.537591457366943
5.321620941162109
5.353150367736816
4.7992353439331055
5.3896050453186035
6.082571506500244
4.67451286315918
3.8740384578704834
3.7236592769622803
3.528775930404663
3.76993465423584
5.1447930335998535
4.135531902313232
3.41713547706604
3.1147706508636475
3.4227778911590576
3.4944138526916504
4.532684803009033
5.542366981506348
4.62456750869751
4.847205638885498
5.145960807800293
5.599940299987793
5.146446228027344
5.199944972991943
5.137038707733154
5.263366222381592
4.4499969482421875
4.610038757324219
4.423089981079102
4.301794528961182
3.9119679927825928
3.8488292694091797
3.839137077331543
3.8567023277282715
3.533876657485962
4.032060146331787
4.074585437774658
3.173687219619751
3.205805778503418
3.497124433517456
4.879011631011963
6.013545036315918
5.194226264953613
4.996150493621826
5.741357803344727
6.766051769256592
5.792531967163086
5.5006914138793945
5.9610676765441895
5.380481243133545
5.118054389953613
6.126297473907471
5.31859827041626
4.5577712059021
4.202890872955322
3.86692476272583
4.187967300415039
3.9557316303253174
3.818930149078369
4.234633922576904
4.811753749847412
3.309770345687866
3.673933744430542
3.754046678543091
4.659853935241699
5.400321006774902
5.737401962280273
5.490039825439453
6.1125054359436035
6.4847731590271
5.783376693725586
5.269047260284424
5.051553726196289
4.872303009033203
4.898926258087158
4.777855396270752
4.507667064666748
5.39573335647583
3.4554028511047363
3.6115849018096924
3.649138927459717
3.5088679790496826
3.9635486602783203
4.202072620391846
3.3879294395446777
3.9076285362243652
3.403573989868164
3.3341400623321533
3.8195106983184814
4.072890758514404
3.993852138519287
4.412977695465088
4.6000823974609375
5.425313949584961
4.685192584991455
4.770692825317383
4.818758487701416
4.598344802856445
4.543715000152588
4.766180038452148
4.4511637687683105
4.726905345916748
3.5710716247558594
3.377007007598877
3.5241055488586426
4.049328327178955
4.566763401031494
4.427572727203369
3.628977060317993
3.496981143951416
3.9752702713012695
3.732858180999756
4.911758899688721
4.360482692718506
3.893338441848755
4.302440643310547
5.145927429199219
5.290553092956543
4.527663230895996
4.4434075355529785
4.990480899810791
4.599811553955078
4.364065647125244
4.561134338378906
4.6042914390563965
4.753602981567383
4.189293384552002
4.252089500427246
4.644018650054932
4.38639497756958
5.705554008483887
4.933763027191162
5.45319128036499
3.854609251022339
4.52206563949585
3.952902317047119
4.843566417694092
5.279336929321289
5.350470066070557
4.485189437866211
5.026342391967773
4.936574459075928
4.688498497009277
4.809818744659424
5.064371109008789
4.487025737762451
4.166762828826904
4.273748397827148
4.256173610687256
4.0343098640441895
3.609621524810791
3.573636293411255
3.658952236175537
3.7234599590301514
3.6814656257629395
4.1078667640686035
3.34706449508667
3.8387539386749268
3.1134722232818604
4.0034589767456055
4.86698055267334
5.371991157531738
4.708083629608154
4.563381671905518
4.921545028686523
5.45504903793335
4.727778911590576
4.484503746032715
5.0540547370910645
4.529545307159424
5.587832450866699
5.726715087890625
4.6072845458984375
3.9496498107910156
3.505110025405884
4.202457427978516
3.699899435043335
3.3155081272125244
3.948232889175415
3.7151060104370117
2.8847107887268066
3.048539400100708
3.290131092071533
3.500403881072998
4.831401348114014
5.4644856452941895
4.600379943847656
4.539304256439209
4.77194356918335
4.811580181121826
4.814899921417236
4.7097392082214355
4.84391975402832
4.440107822418213
4.248363018035889
4.78884744644165
4.775904655456543
3.9660377502441406
3.7244296073913574
3.6316046714782715
3.7950022220611572
3.4565577507019043
3.3286187648773193
3.5942940711975098
3.058335065841675
2.9407660961151123
3.083986282348633
4.072359085083008
4.86008358001709
6.362746715545654
5.030364990234375
4.858365535736084
5.208481788635254
5.565380096435547
5.03135347366333
5.001965522766113
5.036087989807129
4.836374282836914
4.620162487030029
5.3642802238464355
4.768092155456543
4.062215328216553
3.582564115524292
4.648110866546631
3.5178513526916504
3.4611399173736572
3.331526756286621
3.506967067718506
3.0103864669799805
4.672323703765869
3.2269041538238525
3.485750436782837
4.156319618225098
5.250152111053467
5.111715316772461
5.239675521850586
5.163421154022217
4.932714939117432
4.59381628036499
4.375
4.16982364654541
4.15601110458374
4.373531818389893
4.318923473358154
4.226411819458008
3.8112540245056152
3.3053934574127197
3.440476179122925
3.5726475715637207
3.303466796875
3.2293033599853516
3.822836399078369
3.045173168182373
3.7228124141693115
3.249305009841919
3.927950143814087
3.815599203109741
4.042853355407715
3.9249463081359863
5.55824089050293
4.426405906677246
4.416973114013672
4.34030294418335
4.423494338989258
4.435152530670166
4.3437275886535645
4.262304782867432
4.307878017425537
4.3215155601501465
3.987523078918457
3.667144298553467
3.5333449840545654
4.759730339050293
4.170355319976807
3.962414503097534
4.574854850769043
3.364109992980957
3.109487533569336
3.136214256286621
3.366398811340332
4.157891750335693
4.346761703491211
4.566282272338867
4.257978439331055
4.8413310050964355
4.4063191413879395
4.561429500579834
4.42086935043335
4.737608909606934
4.266695022583008
4.012117862701416
4.393383979797363
4.265256881713867
4.06443452835083
4.293038368225098
3.5664377212524414
3.5895726680755615
3.6706600189208984
3.7742018699645996
3.967932939529419
3.7088630199432373
3.740485429763794
3.2416818141937256
3.5274949073791504
4.765462875366211
5.660659313201904
4.8368120193481445
5.405056953430176
5.6671319007873535
5.087897300720215
5.160627365112305
4.686916351318359
4.526613235473633
4.631669044494629
4.57236909866333
5.080226421356201
5.01876163482666
4.1378865242004395
3.7050893306732178
3.6860711574554443
3.840406656265259
3.9649715423583984
4.304812908172607
4.167785167694092
3.6137852668762207
3.4899942874908447
3.445021152496338
3.9373695850372314
5.06178092956543
5.617771148681641
5.56652307510376
4.939899444580078
5.239984035491943
5.530783653259277
5.369199275970459
5.4967498779296875
5.1809563636779785
4.8444905281066895
4.394268989562988
4.936980724334717
5.073390960693359
4.211567401885986
3.582523822784424
3.673966407775879
3.8337182998657227
3.5466525554656982
3.6680216789245605
3.750051498413086
2.975358247756958
3.0343027114868164
3.2403459548950195
3.828472375869751
5.312648296356201
5.680876731872559
4.948483943939209
5.382228374481201
5.5796990394592285
5.647197723388672
5.345942497253418
5.404208660125732
5.201979160308838
4.8806047439575195
4.493786811828613
4.833463191986084
4.734020709991455
4.2192559242248535
3.7568726539611816
4.043382167816162
4.1085205078125
3.7912392616271973
4.151549816131592
4.206911563873291
3.4619574546813965
3.520885705947876
3.2853801250457764
3.984372615814209
5.236253261566162
5.695279121398926
5.182610988616943
5.067111492156982
5.145205974578857
5.567235946655273
5.306703090667725
5.469461441040039
6.046833515167236
5.282454490661621
5.032423973083496
5.306139945983887
4.55597448348999
3.9217474460601807
3.5842912197113037
3.5137178897857666
3.8213915824890137
4.245355606079102
3.679222822189331
4.117943286895752
3.399155855178833
3.328909158706665
3.242492914199829
3.626830577850342
4.369998455047607
5.130645275115967
4.340677261352539
4.530848503112793
4.916326999664307
4.6441497802734375
4.425074577331543
4.30912971496582
4.040704250335693
3.9473421573638916
3.9510483741760254
4.199596881866455
3.8934810161590576
4.138715744018555
4.162668704986572
3.6637156009674072
3.898041248321533
3.831761121749878
3.7568891048431396
4.193967342376709
3.346346616744995
3.651589870452881
3.292056083679199
3.479048490524292
3.6318397521972656
3.9318418502807617
3.7056262493133545
3.8393895626068115
3.830662727355957
4.121261119842529
4.065602779388428
4.164958477020264
4.067843437194824
4.103921413421631
4.016077995300293
4.063561916351318
4.160831451416016
4.821572780609131
3.551736831665039
3.4640097618103027
3.6302719116210938
3.922191619873047
4.353572368621826
4.201050281524658
3.1899783611297607
4.604611873626709
3.552229881286621
3.8839354515075684
4.388975620269775
4.2366204261779785
4.132273197174072
5.2284088134765625
4.467350006103516
4.615523815155029
4.550374984741211
4.617453098297119
4.588055610656738
4.391512393951416
4.3946733474731445
4.529003143310547
4.333840847015381
4.7047648429870605
3.775200128555298
3.8541526794433594
3.8770179748535156
3.583804130554199
4.0038371086120605
3.97165584564209
3.055466413497925
4.331965446472168
3.5627942085266113
3.884786367416382
5.375085353851318
5.261480808258057
4.75987434387207
4.900760173797607
5.245965957641602
5.6353254318237305
5.650608062744141
5.500226020812988
5.2611589431762695
5.720776081085205
5.326439380645752
6.248542785644531
5.803055286407471
4.939023494720459
3.932732582092285
3.7987771034240723
3.956563949584961
4.728148460388184
3.9018280506134033
3.949359178543091
3.210960626602173
3.391599416732788
3.484316110610962
4.174850940704346
5.059170246124268
5.521622657775879
5.383889675140381
5.237536430358887
4.8547234535217285
5.273987293243408
5.18611478805542
5.259422302246094
5.492116928100586
5.781256675720215
5.852993965148926
6.146446228027344
5.517280101776123
4.771291255950928
3.8318471908569336
3.5848748683929443
3.7936339378356934
3.687376022338867
3.6720476150512695
3.781919002532959
3.055370569229126
3.1765666007995605
3.384093761444092
4.5354509353637695
5.25804328918457
6.340707778930664
5.5217132568359375
5.7410430908203125
6.063422203063965
6.493513584136963
6.4897050857543945
6.276771545410156
6.162377834320068
5.7873215675354
5.452230453491211
5.852215766906738
5.324197769165039
4.731553554534912
4.039241313934326
3.805417776107788
4.12360143661499
3.857856035232544
3.655115842819214
3.7144174575805664
3.2515883445739746
3.3152222633361816
3.6651015281677246
4.452828884124756
5.691948890686035
6.539498805999756
6.122278690338135
7.049910068511963
8.025589942932129
7.474065780639648
7.179515838623047
7.100419998168945
7.186614036560059
6.877043724060059
6.782773494720459
7.7258758544921875
6.407389163970947
4.68323278427124
3.731971502304077
3.4149703979492188
3.5570709705352783
3.549509048461914
3.5999557971954346
3.986241340637207
3.093027114868164
3.1182475090026855
3.359407424926758
4.275018215179443
5.3450164794921875
5.252012252807617
5.862374305725098
5.934875011444092
6.563653469085693
6.0956010818481445
5.822293281555176
5.270925998687744
5.035548686981201
4.536801338195801
4.797127723693848
5.524927616119385
4.368651866912842
3.867497205734253
3.392962694168091
3.299142837524414
3.3587841987609863
4.072636604309082
3.454359292984009
4.101409912109375
3.4759933948516846
3.366593599319458
3.192397117614746
4.426573276519775
3.8784525394439697
3.782940149307251
4.373233318328857
3.9118974208831787
4.481110095977783
4.610526084899902
4.6499552726745605
4.581236839294434
4.5746235847473145
4.385373592376709
4.48690128326416
4.822020530700684
4.482773780822754
4.124767780303955
3.7395424842834473
3.6717047691345215
4.04562520980835
3.9773025512695312
4.037654399871826
4.664045810699463
4.923266410827637
3.169348955154419
3.5057449340820312
3.7503013610839844
4.615119934082031
4.184660911560059
4.00786018371582
4.295998573303223
4.7651896476745605
4.972345352172852
5.0469536781311035
5.230616092681885
5.137051105499268
5.143028259277344
4.756669521331787
5.186209201812744
5.412723064422607
4.237176418304443
3.9138991832733154
3.5259978771209717
3.5754032135009766
3.643371820449829
3.5536420345306396
4.141245365142822
3.006934642791748
3.1702053546905518
3.4193122386932373
4.08812141418457
4.924208641052246
5.187410354614258
5.500614643096924
5.117414951324463
5.45247745513916
5.647707939147949
5.604282855987549
5.4917802810668945
5.716832160949707
5.442862033843994
5.316957473754883
6.197901725769043
5.381552696228027
4.47658109664917
3.824962854385376
3.5393056869506836
3.7150323390960693
3.4063196182250977
4.558376789093018
4.630003929138184
4.161972999572754
4.50389289855957
4.455816268920898
6.003829479217529
6.722596645355225
6.888393402099609
6.654492378234863
6.754225730895996
7.392958164215088
7.161371231079102
7.125027179718018
7.258551597595215
7.439887046813965
7.169744491577148
7.117561340332031
6.669985771179199
6.383246421813965
5.509315013885498
4.683004379272461
3.865657091140747
3.941121816635132
3.749542474746704
4.19954776763916
4.185291767120361
3.638828754425049
3.5674281120300293
3.9551265239715576
5.12227725982666
5.57064962387085
5.986755847930908
5.980220794677734
6.859523296356201
6.685565948486328
6.92072868347168
6.570408821105957
6.651339530944824
6.776193141937256
6.412088871002197
5.947871208190918
6.365975856781006
6.170956134796143
5.345666885375977
4.488880634307861
4.0651044845581055
4.107036590576172
4.0623273849487305
3.9776713848114014
4.484421253204346
3.914544105529785
3.5072035789489746
3.966825246810913
4.620445251464844
6.040859222412109
7.259555816650391
5.873337745666504
6.345152854919434
6.916447162628174
7.062331199645996
7.0833563804626465
7.39417028427124
8.057642936706543
7.885711669921875
8.157143592834473
8.323959350585938
7.415021896362305
6.115753173828125
4.728854179382324
4.056443691253662
3.901501417160034
3.6026740074157715
3.5338284969329834
3.810559034347534
3.5335843563079834
4.519772052764893
4.091855525970459
5.313907146453857
6.410928726196289
6.851341724395752
6.829013824462891
7.618372440338135
7.6011457443237305
7.870646953582764
6.984327793121338
6.448976516723633
6.238300323486328
5.704938888549805
5.908736228942871
6.254959583282471
5.819807052612305
4.910886764526367
4.203888893127441
3.77731990814209
3.7668020725250244
3.7973995208740234
4.225495338439941
3.7132503986358643
3.5795388221740723
3.5920827388763428
3.9377989768981934
4.737095355987549
5.386978626251221
5.618191719055176
5.341195106506348
6.152438640594482
6.890286922454834
6.34890079498291
6.544142246246338
6.4812493324279785
7.048264503479004
6.005946636199951
6.179592609405518
6.921661853790283
6.6709136962890625
5.823765754699707
4.564796447753906
3.816666603088379
3.7178988456726074
3.9427297115325928
3.2813503742218018
4.241459846496582
3.405134439468384
4.864269733428955
3.9106380939483643
4.952889919281006
5.84151029586792
6.771719932556152
5.667722225189209
6.814667701721191
6.896503448486328
7.591386318206787
7.738145351409912
7.769914627075195
7.543879508972168
7.313788414001465
7.044288635253906
7.522911548614502
7.105056285858154
6.559410572052002
5.005596160888672
5.2226409912109375
4.054439544677734
3.940868616104126
3.713712215423584
3.9161016941070557
3.341308116912842
3.9452450275421143
3.9547908306121826
5.169166088104248
6.697256565093994
7.0462775230407715
6.369405746459961
6.887701988220215
7.976982593536377
8.068159103393555
8.500829696655273
8.040966987609863
7.561219692230225
7.291173934936523
6.902920722961426
7.853841781616211
7.2059645652771
5.926558017730713
4.732077121734619
4.16243314743042
4.112939834594727
3.912978410720825
3.7389485836029053
3.8036842346191406
3.401907205581665
3.622636318206787
3.853339433670044
5.721426486968994
5.938901424407959
6.043564319610596
5.8655500411987305
6.438583850860596
6.953514099121094
7.411288738250732
7.268012046813965
7.028418064117432
6.885668754577637
5.94144868850708
5.772334098815918
6.410610198974609
5.971726417541504
5.246086597442627
4.845036506652832
4.0777387619018555
4.2510175704956055
5.242137908935547
4.717443943023682
3.9908595085144043
3.949807643890381
3.5736091136932373
3.824126958847046
4.5185723304748535
6.002408027648926
5.568058967590332
5.185248374938965
5.677243232727051
6.387081146240234
6.284202575683594
5.54010009765625
5.634104251861572
5.630836009979248
5.161616325378418
5.215918064117432
5.663473606109619
5.230654239654541
4.573790073394775
4.261409282684326
4.118588447570801
4.013794422149658
4.006123065948486
4.379302024841309
4.336268424987793
3.3787362575531006
3.3582236766815186
4.374059677124023
4.390048980712891
5.258646011352539
5.177851676940918
5.043601036071777
5.222190856933594
5.725254535675049
5.625135898590088
5.7375688552856445
5.997766017913818
5.897756576538086
5.625555515289307
5.765792369842529
5.827852725982666
5.221741676330566
5.552623748779297
4.03037166595459
4.004640579223633
4.011073589324951
3.9559006690979004
4.387465953826904
3.922154188156128
3.6697893142700195
4.912456512451172
3.8727517127990723
4.208116054534912
5.805582046508789
5.019616603851318
4.884401321411133
5.321619987487793
5.580446720123291
5.636286735534668
5.3074493408203125
5.063845157623291
5.034438133239746
4.807666301727295
4.843730926513672
5.262460708618164
5.086048126220703
4.296755790710449
3.850292682647705
3.899280548095703
4.083016872406006
3.643648147583008
4.12827730178833
4.263383865356445
3.3709309101104736
5.70343542098999
3.9460911750793457
3.9176459312438965
4.149036884307861
4.3014326095581055
4.253681182861328
4.345834255218506
4.76266622543335
5.101221561431885
4.959959506988525
5.044901371002197
5.1517815589904785
4.709970951080322
4.812129020690918
5.062440395355225
5.454014301300049
4.33593225479126
3.9216291904449463
3.990899085998535
4.161260604858398
4.547763347625732
4.347597599029541
4.7513251304626465
3.7509164810180664
3.9440534114837646
4.1092143058776855
4.252758502960205
4.39212703704834
4.486693859100342
4.541529178619385
4.693006992340088
4.966040134429932
5.270798206329346
5.4614481925964355
5.418013095855713
5.400036811828613
5.548641681671143
4.894400596618652
5.392080783843994
5.0535888671875
4.524312496185303
4.235976696014404
4.102682590484619
4.047409534454346
5.046352863311768
3.9916861057281494
3.9329872131347656
4.104148864746094
3.6934731006622314
3.889185667037964
4.481966495513916
5.326219081878662
6.004549980163574
4.947624206542969
4.973998546600342
5.361868381500244
5.513740539550781
5.883758068084717
5.668268203735352
5.6192121505737305
5.45812463760376
5.28494119644165
5.808712959289551
5.250616073608398
4.483524322509766
4.119421005249023
3.8309438228607178
3.964888572692871
3.4755165576934814
3.4272518157958984
3.896371841430664
3.6678082942962646
4.631103992462158
3.7749366760253906
4.416778087615967
5.033649444580078
5.157001972198486
4.863187313079834
5.046194553375244
5.323205471038818
5.600397109985352
5.517623424530029
5.692625522613525
5.7023606300354
5.465806007385254
5.115337371826172
5.507168769836426
5.332029342651367
4.895359516143799
4.498441696166992
4.079974174499512
4.353611469268799
7.221905708312988
4.61204719543457
4.781991481781006
3.754356861114502
3.7583603858947754
3.744753122329712
5.410179615020752
5.661329746246338
6.035516262054443
5.620515823364258
5.557005882263184
5.762938022613525
5.843235969543457
5.924051761627197
6.138078689575195
5.910121917724609
5.944802284240723
5.775778770446777
5.886212348937988
5.499248027801514
4.753438949584961
4.033537864685059
4.007750511169434
4.012574195861816
3.8836886882781982
3.611879348754883
3.71657657623291
3.398348331451416
5.478952884674072
3.641902208328247
4.4163818359375
5.767807483673096
5.7112555503845215
6.074203014373779
6.01697301864624
5.7933573722839355
5.909939765930176
6.254083633422852
6.091045379638672
5.97946310043335
5.870039463043213
5.614684104919434
5.803795337677002
5.465644836425781
4.598588466644287
4.031717300415039
3.940000057220459
4.028858184814453
4.312031269073486
3.9059829711914062
4.454131603240967
3.235872268676758
3.3825623989105225
3.6114630699157715
4.248579978942871
4.740873336791992
4.837358474731445
4.739285469055176
4.883689880371094
5.230131149291992
5.30078649520874
5.23944616317749
5.1212310791015625
4.690157413482666
5.053699016571045
4.740181922912598
4.920323371887207
4.7799906730651855
3.998854160308838
3.927293062210083
3.750430107116699
5.244248390197754
3.8515937328338623
4.109292984008789
4.526095867156982
3.369527816772461
3.3543481826782227
3.649732828140259
4.052413463592529
4.220864772796631
4.2861785888671875
4.443223476409912
4.315357208251953
5.1725358963012695
5.020208358764648
5.0195746421813965
5.063607692718506
5.082248687744141
4.831946849822998
4.900713920593262
5.143510341644287
4.735436916351318
4.471884727478027
3.9329545497894287
3.8180274963378906
3.782254934310913
3.847831964492798
3.3557543754577637
3.6814639568328857
3.2108261585235596
3.410997152328491
4.244517803192139
4.095001697540283
4.813068389892578
4.786788463592529
4.917816638946533
4.671195983886719
5.044587135314941
5.14602518081665
5.3697028160095215
5.3768696784973145
5.3843889236450195
5.939306259155273
4.877223491668701
5.298828125
5.656381607055664
5.44174861907959
4.537290573120117
4.066208839416504
3.8827075958251953
4.503438472747803
3.647780418395996
3.7140910625457764
3.2818443775177
3.4650485515594482
3.8211112022399902
5.253988742828369
6.591731548309326
6.9574666023254395
7.1080803871154785
7.087971210479736
7.558200836181641
7.706208229064941
7.797859191894531
7.434763431549072
7.431538105010986
7.22689962387085
7.047385215759277
7.990235805511475
7.068356513977051
5.773796081542969
4.68894100189209
4.015478134155273
3.8179004192352295
3.698914051055908
4.053849697113037
5.718829154968262
3.3627402782440186
3.408447742462158
6.048279762268066
5.708120822906494
6.692038536071777
7.744029521942139
6.814582824707031
6.974310874938965
7.821910381317139
7.813910961151123
8.017850875854492
8.060630798339844
8.243799209594727
7.494952201843262
7.066607475280762
8.257240295410156
7.323617935180664
6.034778594970703
4.953686237335205
4.261036396026611
4.262451171875
4.691422462463379
5.1947021484375
4.475902080535889
3.3473918437957764
3.663694381713867
3.8347959518432617
4.989434242248535
6.7251410484313965
7.3415303230285645
7.1274285316467285
7.390767574310303
8.138773918151855
7.769761562347412
8.58788776397705
7.706912517547607
7.725780010223389
7.260590553283691
7.056005954742432
7.675408363342285
7.220434188842773
5.829121112823486
4.901980876922607
4.0856852531433105
4.230152606964111
4.1028733253479
4.196131706237793
4.950214862823486
4.0640339851379395
4.087990760803223
4.222291946411133
5.400228500366211
7.649284839630127
8.371859550476074
7.569595813751221
7.944250583648682
9.019036293029785
9.489860534667969
9.316665649414062
9.0413818359375
9.099909782409668
8.79915714263916
8.340068817138672
9.12326717376709
8.06247329711914
6.520383834838867
4.6137566566467285
3.866917610168457
4.983118057250977
3.6981077194213867
4.75489616394043
4.561518669128418
3.3829824924468994
3.3272581100463867
3.6853740215301514
5.358046054840088
6.1429853439331055
6.2882771492004395
6.514340877532959
7.384033203125
7.5808234214782715
7.277407646179199
7.020378589630127
6.683077812194824
6.413398742675781
5.868634223937988
6.024312496185303
6.215137481689453
5.575260162353516
4.634059429168701
4.038389205932617
4.072845935821533
4.313663482666016
6.943567276000977
4.6067070960998535
5.813660144805908
4.131074905395508
3.872790813446045
4.0070085525512695
4.957090854644775
4.98350191116333
5.012576103210449
5.017124176025391
5.922502040863037
6.06049919128418
6.094865322113037
6.2915802001953125
5.951993465423584
6.143120765686035
6.059014320373535
6.097426891326904
6.640470027923584
6.036406993865967
5.260178089141846
4.2667155265808105
3.761573553085327
3.755145311355591
4.819055557250977
4.823026180267334
6.194185256958008
4.106975078582764
3.3126988410949707
3.807842493057251
4.642509460449219
5.649330139160156
5.692447662353516
5.544816493988037
5.907369136810303
6.13833475112915
6.331122398376465
6.481074810028076
6.593528747558594
6.876153469085693
6.5760087966918945
6.5265631675720215
6.66743278503418
6.186000347137451
5.311235427856445
4.6918745040893555
4.303403377532959
3.7964656352996826
4.143905162811279
4.177648067474365
6.941845893859863
3.5841891765594482
3.4945528507232666
3.9661481380462646
5.01061487197876
6.18801736831665
6.29289436340332
6.117071628570557
6.108646392822266
7.633800029754639
8.454243659973145
8.415886878967285
8.421409606933594
8.305249214172363
8.502823829650879
8.087223052978516
9.235026359558105
7.840747356414795
6.780474662780762
5.231875419616699
4.3758015632629395
4.108543872833252
4.504244804382324
4.04477596282959
5.070837497711182
3.556619644165039
3.5230228900909424
3.8247385025024414
5.119922637939453
6.0509538650512695
6.350542068481445
6.169454097747803
6.815009593963623
6.338794708251953
6.703331470489502
6.402194976806641
6.372849464416504
6.351219177246094
5.80603551864624
5.294007301330566
5.75662088394165
5.33265495300293
5.342031478881836
4.707111835479736
4.073355674743652
3.9902596473693848
4.2000532150268555
4.019571304321289
4.2889323234558105
3.5985915660858154
4.361659526824951
4.312294006347656
5.030586242675781
6.104663848876953
6.076582431793213
5.5620503425598145
5.91201639175415
6.31890869140625
6.500319957733154
7.106799125671387
6.811070919036865
6.621062278747559
6.511453628540039
6.0038652420043945
6.765498638153076
6.223020553588867
5.655595779418945
4.805049419403076
4.301757335662842
4.720314025878906
5.234907627105713
5.4685468673706055
735.8739624023438
3.672886371612549
3.7346384525299072
4.669459819793701
6.581268310546875
8.48428726196289
8.939496040344238
8.253800392150879
8.498030662536621
9.302022933959961
8.987508773803711
9.309176445007324
9.138570785522461
9.466925621032715
8.99216365814209
8.63530445098877
9.503588676452637
8.800041198730469
7.436922550201416
5.703673362731934
4.321105480194092
4.005141735076904
3.8798272609710693
6.562485218048096
4.164394855499268
3.7399256229400635
3.6303844451904297
4.084439754486084
5.194711208343506
6.865538597106934
6.772894859313965
8.139561653137207
7.066941261291504
8.210229873657227
7.322391033172607
7.197710990905762
6.739757061004639
6.369584560394287
5.886331081390381
6.127176284790039
6.725943565368652
6.587902069091797
4.9007649421691895
3.9140825271606445
3.7309138774871826
3.838883399963379
4.359638690948486
5.2865800857543945
4.1297926902771
3.5829780101776123
3.6731033325195312
4.188546180725098
4.984822750091553
5.439087867736816
5.445997714996338
5.424270153045654
5.9707441329956055
6.888731479644775
7.915051460266113
6.801533222198486
7.16825532913208
7.000788688659668
6.851897239685059
7.023054599761963
7.3903093338012695
6.878729820251465
6.003164768218994
4.871898651123047
3.890835762023926
3.793172597885132
3.6643588542938232
3.8303356170654297
4.11974573135376
3.794578790664673
3.5935757160186768
4.2431488037109375
5.664201259613037
6.329061985015869
6.259461879730225
6.255291938781738
6.7807464599609375
7.474848747253418
7.844836235046387
8.725603103637695
8.049456596374512
7.736510753631592
7.529520034790039
7.303146839141846
7.649292945861816
7.3273606300354
6.410175323486328
5.316514492034912
4.393618583679199
4.026566028594971
4.277192115783691
4.244278907775879
4.802832126617432
147.10009765625
5.036609172821045
4.740935802459717
5.676706790924072
5.9245452880859375
6.244095325469971
5.8729166984558105
6.0128254890441895
7.531193256378174
5.062516689300537
5.097182750701904
5.225694179534912
4.846348285675049
5.079215049743652
4.84109354019165
5.680257797241211
6.31659460067749
4.922105312347412
3.9117085933685303
3.934009552001953
4.0474114418029785
4.0777363777160645
4.06410551071167
4.7226786613464355
4.331228256225586
3.481070041656494
4.025042533874512
4.665711402893066
5.968756198883057
5.321811199188232
5.136674404144287
5.058533668518066
5.684967994689941
5.210026741027832
5.112569808959961
5.3255438804626465
5.425264835357666
5.357766628265381
4.8102288246154785
5.321401596069336
4.823991775512695
4.524633407592773
3.7537362575531006
3.7649481296539307
3.9541141986846924
3.8218207359313965
4.729288101196289
4.519352912902832
4.553345203399658
3.3827781677246094
3.598198413848877
5.556368350982666
4.607473850250244
5.590616703033447
5.058096885681152
5.1471405029296875
5.478207111358643
7.014093399047852
7.362998962402344
6.0189080238342285
5.452524185180664
4.831266403198242
4.710960388183594
4.952282905578613
4.547069549560547
4.078402996063232
3.6569061279296875
3.7117257118225098
3.795764446258545
4.124774932861328
3.8117353916168213
4.138140678405762
5.684909820556641
4.421751976013184
4.092538356781006
4.339285850524902
5.2437310218811035
4.785053253173828
4.635560989379883
4.8852009773254395
5.216128349304199
5.164292812347412
5.281354904174805
5.406761646270752
4.892042636871338
5.296192646026611
4.815516948699951
5.35846471786499
6.099532127380371
4.827376365661621
3.829029083251953
3.724674701690674
3.8414251804351807
3.654465913772583
4.669841289520264
4.119025707244873
3.5359292030334473
3.523202657699585
3.5057966709136963
3.9199869632720947
4.4134345054626465
4.791968822479248
4.825011253356934
4.829796314239502
4.905458927154541
4.721712589263916
4.43776798248291
4.488096237182617
5.478382110595703
4.336753845214844
4.2758049964904785
4.4131059646606445
4.077609062194824
3.7342910766601562
3.6140785217285156
3.8218302726745605
3.8298611640930176
3.857750177383423
4.06436014175415
4.804403305053711
5.396059989929199
5.127150058746338
5.4450507164001465
6.841512680053711
7.269692420959473
7.298699378967285
7.600009441375732
8.910454750061035
8.981867790222168
8.675710678100586
9.955378532409668
10.507392883300781
9.633872032165527
9.126960754394531
8.854632377624512
8.76606273651123
8.702361106872559
7.914495468139648
6.511308193206787
5.325363636016846
4.632349967956543
4.46235990524292
4.740628242492676
5.226810932159424
6.874626636505127
7.497977256774902
6.0016021728515625
7.76793909072876
8.785561561584473
9.081380844116211
8.72468090057373
8.71669864654541
9.10291576385498
9.063363075256348
11.019574165344238
10.95759391784668
10.006664276123047
9.555079460144043
8.943812370300293
9.44857120513916
9.020956039428711
8.29688549041748
6.976319789886475
6.005998134613037
4.591073513031006
4.239656448364258
4.910988807678223
5.136992454528809
4.397421360015869
4.608799457550049
6.079651355743408
8.088911056518555
12.184410095214844
10.690201759338379
9.775647163391113
9.809842109680176
10.038658142089844
10.713567733764648
12.737262725830078
11.025663375854492
10.682659149169922
10.575950622558594
10.334237098693848
10.500957489013672
9.64095687866211
8.975898742675781
7.179623603820801
5.636865139007568
4.624980926513672
4.548252582550049
4.308627605438232
4.355454444885254
4.410837173461914
3.4734232425689697
3.5656683444976807
4.224076271057129
6.526148319244385
6.236126899719238
5.573105335235596
5.549624443054199
5.893373489379883
5.724699974060059
5.58101224899292
5.769187927246094
5.746542453765869
5.768468856811523
5.183223724365234
6.640131950378418
5.555936336517334
5.111599445343018
4.141323566436768
3.9233670234680176
4.088754653930664
4.00606632232666
4.108316421508789
4.6935906410217285
4.287247180938721
3.6105244159698486
4.475160121917725
4.438774108886719
5.385222911834717
5.692137241363525
5.474666595458984
6.076999664306641
5.331386089324951
5.433083534240723
5.655185222625732
5.634742736816406
5.797357559204102
5.64431095123291
5.159064292907715
5.550620079040527
5.22750997543335
4.7183918952941895
4.01532506942749
3.851592779159546
3.7415947914123535
4.27738618850708
3.7154924869537354
5.502884864807129
4.299647331237793
3.3731274604797363
3.837331533432007
5.449073314666748
5.9781999588012695
6.289018630981445
5.704408645629883
6.586464881896973
6.24066686630249
6.220663547515869
6.508905410766602
6.5287981033325195
6.433872699737549
6.639111518859863
6.25439453125
51.71428680419922
6.407439231872559
5.578078269958496
4.65786075592041
4.1438374519348145
3.7906086444854736
4.087105751037598
3.9264705181121826
4.059441089630127
4.685758590698242
4.511530876159668
4.828453540802002
4.314307689666748
5.395957946777344
6.238475322723389
6.394115447998047
12.001913070678711
7.033717632293701
7.312024116516113
10.316818237304688
8.776243209838867
7.474611759185791
6.788846015930176
5.884650230407715
5.90621280670166
6.507291316986084
5.949284076690674
4.84289026260376
4.147891521453857
3.819504499435425
4.1560564041137695
4.762086391448975
4.125177383422852
5.0328569412231445
5.810572147369385
4.962493896484375
5.45180082321167
4.766402721405029
4.966630935668945
4.909999370574951
5.215871810913086
5.386699199676514
6.192282199859619
6.952069282531738
6.328509330749512
6.461379528045654
6.509204864501953
6.4723687171936035
6.275548934936523
6.406668663024902
6.252988815307617
5.354783058166504
5.555118560791016
4.282123565673828
4.15878438949585
4.66555118560791
4.385272026062012
4.9437737464904785
3.7410714626312256
3.7682101726531982
4.062732219696045
4.654850006103516
5.389216423034668
5.406004428863525
5.46627140045166
6.020585060119629
6.50241231918335
6.386797904968262
6.571229934692383
6.79950475692749
7.051334381103516
6.5441203117370605
6.3521575927734375
6.671357154846191
6.450402736663818
5.69717264175415
4.8503851890563965
4.34629487991333
4.277292728424072
4.345853805541992
5.190206527709961
5.082885265350342
4.54577112197876
3.818018674850464
4.202438831329346
5.29454231262207
6.985236167907715
7.693267822265625
7.066653728485107
6.625027179718018
7.130095958709717
7.605485439300537
7.335040092468262
7.331199645996094
7.471967697143555
7.3277764320373535
7.711964130401611
9.16516399383545
7.913172245025635
6.753884315490723
5.090967655181885
4.355820655822754
3.7220566272735596
5.24235200881958
4.625791072845459
5.216920375823975
3.946720600128174
3.893636703491211
4.935770511627197
6.428648471832275
8.55571460723877
8.799304962158203
7.913705825805664
7.194106578826904
8.047550201416016
7.852636814117432
5.773171424865723
8.042309761047363
8.412659645080566
8.816299438476562
7.786024570465088
8.421256065368652
7.694977283477783
6.537003040313721
5.211639404296875
3.9949839115142822
4.130733489990234
4.607077121734619
4.181711196899414
4.677373886108398
3.858581066131592
4.252189636230469
4.113323211669922
5.899399280548096
8.216513633728027
8.095892906188965
7.197208881378174
8.187958717346191
7.7876763343811035
7.820010662078857
7.959273338317871
8.062445640563965
8.075201988220215
8.460441589355469
7.8695526123046875
7.96874475479126
6.620066165924072
5.73599100112915
5.065791606903076
3.636446714401245
3.688098192214966
3.8216888904571533
3.3709919452667236
4.062989234924316
3.819065570831299
3.0512287616729736
3.966538906097412
5.506321430206299
7.9243340492248535
9.272159576416016
7.469455242156982
7.53913688659668
8.61473560333252
8.246071815490723
8.4346284866333
8.732211112976074
8.743188858032227
8.895503997802734
8.091851234436035
8.925275802612305
7.988298416137695
6.554769515991211
4.928338050842285
4.334327697753906
4.4032673835754395
4.383172035217285
4.2940239906311035
4.995405673980713
4.131950378417969
3.731165647506714
4.201366424560547
6.303067207336426
8.422439575195312
9.093173027038574
8.624664306640625
8.29648494720459
8.516325950622559
8.08920669555664
7.7339301109313965
8.237192153930664
7.363566875457764
6.82839298248291
6.995395660400391
7.478837013244629
6.872917652130127
5.257436752319336
4.239936351776123
3.9918386936187744
4.128329277038574
4.072652816772461
4.481072425842285
4.895383834838867
3.989588975906372
4.4548540115356445
4.736173629760742
5.458433628082275
6.5218400955200195
6.289193153381348
5.861959457397461
6.232679843902588
6.814245700836182
6.936788558959961
6.8763747215271
6.879364490509033
6.996230125427246
7.040104866027832
6.496772766113281
6.876973628997803
6.8033318519592285
6.062001705169678
4.66109037399292
3.8678336143493652
3.893657922744751
4.411253452301025
4.0160393714904785
4.6740498542785645
4.439713478088379
4.338920593261719
4.7856597900390625
5.78624963760376
8.190117835998535
7.161704063415527
6.39708948135376
6.196876525878906
7.110970973968506
7.52499532699585
7.613367080688477
7.481649398803711
7.846492767333984
8.425752639770508
7.104436874389648
8.446723937988281
11.716960906982422
11.229808807373047
9.389277458190918
7.73859977722168
5.837627410888672
5.470788955688477
5.372927188873291
5.807730197906494
5.01459264755249
5.57762336730957
7.426412105560303
11.360408782958984
12.923653602600098
13.918851852416992
13.399118423461914
12.63947868347168
12.947402954101562
13.191608428955078
11.278077125549316
11.880248069763184
12.380599975585938
11.833072662353516
11.407604217529297
11.82582950592041
12.060619354248047
10.714362144470215
9.367203712463379
7.29711389541626
5.709906101226807
5.224325656890869
5.55877161026001
6.043018817901611
4.010775089263916
5.122274875640869
5.598018169403076
8.464588165283203
10.546350479125977
11.070274353027344
10.992044448852539
10.833344459533691
10.571423530578613
10.850756645202637
10.787172317504883
11.66025447845459
10.761487007141113
11.314353942871094
11.05319881439209
11.531272888183594
11.620842933654785
12.275708198547363
11.761035919189453
6.863511085510254
4.713042259216309
6.453237533569336
6.185357093811035
5.530223369598389
4.173818588256836
4.976557731628418
5.103265762329102
6.551599025726318
8.810853958129883
9.207620620727539
8.626422882080078
8.68320369720459
9.857389450073242
8.379890441894531
8.352784156799316
9.14460277557373
8.20720386505127
8.742228507995605
8.181628227233887
9.408808708190918
8.293561935424805
7.55010986328125
6.097162246704102
4.817347526550293
4.383872032165527
4.039425849914551
4.27074670791626
4.189774036407471
3.7301414012908936
3.895890474319458
4.4854230880737305
6.015820026397705
8.387611389160156
10.407174110412598
9.098365783691406
8.546313285827637
9.069519996643066
9.274590492248535
9.058979034423828
9.158520698547363
9.283123970031738
9.151200294494629
8.293007850646973
9.00083065032959
8.35184097290039
7.173104763031006
6.845975399017334
5.2962260246276855
5.393280982971191
6.244782447814941
6.5103864669799805
6.042305946350098
7.594961166381836
5.612666606903076
5.0260329246521
6.538816452026367
7.665568828582764
8.555620193481445
8.503002166748047
7.869444370269775
8.220974922180176
8.369738578796387
8.49215316772461
7.4575676918029785
7.369955539703369
7.483050346374512
7.317889213562012
7.760493278503418
7.241195201873779
6.224752902984619
5.181612014770508
4.967641830444336
5.855259895324707
6.002325534820557
6.757750511169434
6.093624114990234
6.687033653259277
4.298971176147461
4.90389347076416
5.720272064208984
6.615719795227051
6.650437831878662
6.808529376983643
6.621129989624023
7.197620391845703
6.957010746002197
6.799302101135254
6.714740753173828
7.152782440185547
7.237790107727051
6.989790916442871
7.301026821136475
7.030601978302002
6.159289836883545
5.388298988342285
4.457066535949707
5.823410511016846
5.782950401306152
5.787698268890381
6.254260063171387
6.321531295776367
8.059698104858398
4.639561653137207
6.04101037979126
6.93483304977417
7.138166427612305
7.34388542175293
6.964444637298584
7.354568004608154
7.575773239135742
7.462109088897705
7.328871726989746
7.799036979675293
7.485884666442871
7.369619846343994
7.714066505432129
7.063109874725342
6.469196796417236
5.694797039031982
4.930079460144043
5.255772113800049
5.192131042480469
5.537024974822998
5.775418281555176
4.858114719390869
3.9828221797943115
4.501483917236328
5.592169284820557
8.62843132019043
8.449250221252441
8.100486755371094
7.692673683166504
7.876890659332275
7.834944725036621
7.459561347961426
7.82879114151001
7.727418899536133
9.356359481811523
7.452030658721924
8.004565238952637
7.724352836608887
6.543206214904785
5.308469295501709
4.737278461456299
5.657903671264648
6.1561994552612305
5.14164400100708
4.865720272064209
4.389407634735107
4.179577827453613
4.619135856628418
6.183640480041504
7.952637672424316
8.984349250793457
7.922541618347168
7.62349271774292
7.821144104003906
7.425266742706299
6.846111297607422
6.4333600997924805
6.545999526977539
6.495087623596191
6.133814334869385
6.627135276794434
6.493585109710693
6.00324010848999
5.105889320373535
4.543756484985352
5.8260722160339355
5.296887397766113
5.393315315246582
5.400113105773926
4.511166095733643
4.174193382263184
4.4872541427612305
6.65293025970459
7.243260860443115
7.580395221710205
7.355667591094971
7.88144063949585
7.517797946929932
7.244364261627197
7.093404293060303
6.991206169128418
6.72450590133667
7.183952331542969
6.88288688659668
7.0361480712890625
6.682214736938477
6.126533508300781
5.2494425773620605
4.569402694702148
4.811781883239746
4.950693607330322
4.991363048553467
4.932553291320801
4.760613441467285
4.846523761749268
4.664237976074219
5.721875190734863
7.711683750152588
8.529458045959473
7.730924129486084
7.614474296569824
7.846491813659668
7.622733116149902
7.200713634490967
7.33539342880249
7.135440349578857
7.549637794494629
7.156752586364746
7.310634136199951
7.067187786102295
6.097836971282959
5.1755523681640625
6.338520526885986
6.539448261260986
5.666666507720947
6.05377721786499
5.842227458953857
5.4731903076171875
4.219064712524414
4.278735160827637
6.1017608642578125
7.114016056060791
7.828396320343018
7.399926662445068
7.097433567047119
7.47526216506958
7.407285213470459
7.010582447052002
6.504134654998779
6.070724964141846
6.171501636505127
6.257800579071045
6.647478103637695
6.731507301330566
6.10758113861084
4.764442443847656
4.28066873550415
4.261693954467773
4.06198787689209
4.0180745124816895
4.102785587310791
5.007434844970703
4.56846284866333
4.299777030944824
4.732222557067871
5.4376983642578125
6.716223239898682
5.491546154022217
5.501079559326172
5.879504680633545
5.961109161376953
5.658141136169434
5.8264594078063965
6.067392826080322
6.156492233276367
6.29872465133667
6.885199069976807
6.24924898147583
6.044424057006836
5.026390075683594
4.538635730743408
5.902701377868652
5.71923303604126
5.375336170196533
6.795802593231201
5.696259021759033
4.978271007537842
4.282057762145996
5.331365585327148
5.862998008728027
5.963705539703369
6.174103260040283
5.717005252838135
7.77838659286499
6.742004871368408
6.323911190032959
6.526134967803955
6.553218364715576
6.798713684082031
6.125875949859619
6.572328090667725
6.421685695648193
6.154843807220459
4.728782653808594
4.633866310119629
5.53242826461792
6.003188610076904
6.242613792419434
5.485638618469238
6.180968284606934
4.352675914764404
7.480354309082031
5.7833147048950195
6.889767169952393
7.280980110168457
6.505625247955322
6.032499313354492
6.593504905700684
6.903446197509766
6.795558929443359
6.6821465492248535
6.488375186920166
6.663585186004639
6.091366767883301
6.531490325927734
6.628505229949951
5.796834945678711
5.041026592254639
4.564589500427246
5.259043216705322
5.6877827644348145
6.463170051574707
5.112192153930664
5.087737083435059
5.008503437042236
4.371509075164795
5.005531311035156
6.804163932800293
8.286850929260254
6.459402084350586
6.175914764404297
6.847673416137695
6.824941635131836
6.532803058624268
6.566504001617432
6.648083209991455
6.691148281097412
6.371067047119141
6.32176399230957
6.581621170043945
5.8546833992004395
5.622851848602295
4.884990692138672
5.1163010597229
5.3927321434021
7.2844343185424805
5.771401405334473
4.15492582321167
3.9192302227020264
4.058226585388184
5.464596748352051
5.930642604827881
6.997641563415527
5.944259166717529
6.190615177154541
6.114724159240723
6.7177815437316895
6.459249973297119
5.94434118270874
5.877077579498291
5.959521293640137
5.648458957672119
5.915359020233154
5.722212791442871
5.978462219238281
5.325239658355713
5.652842044830322
5.514034271240234
5.702555179595947
5.743790149688721
4.625523567199707
4.244080543518066
6.113707065582275
4.448561191558838
5.090112209320068
6.689318656921387
6.938357353210449
7.036281585693359
6.502640724182129
6.604735851287842
6.878145217895508
6.661628723144531
6.59855318069458
6.826556205749512
6.737747669219971
20.258583068847656
5.649453639984131
5.311408042907715
4.840157985687256
4.0136823654174805
4.268538951873779
5.022858142852783
5.061395168304443
6.117013931274414
3.5456535816192627
3.5265605449676514
3.326022148132324
3.575914144515991
4.301845550537109
5.007862091064453
5.308661937713623
5.371074676513672
4.89548921585083
4.819346904754639
4.945343017578125
4.900631427764893
4.361666679382324
4.266745090484619
4.193073749542236
4.315378189086914
4.630479335784912
4.626176834106445
6.794379711151123
4.271511554718018
4.529869556427002
5.391782760620117
4.057198524475098
4.296640872955322
4.342606544494629
4.397424697875977
3.637359619140625
3.7555572986602783
4.0567755699157715
4.441120147705078
4.183418273925781
4.98986291885376
4.251777648925781
4.298431396484375
4.600837707519531
4.811596393585205
4.902636528015137
4.939298629760742
4.660924911499023
4.378174304962158
4.646885395050049
4.45003604888916
4.410715103149414
4.767995357513428
3.8870129585266113
4.4051337242126465
3.9037256240844727
4.038476943969727
3.8224239349365234
3.711477518081665
3.775292158126831
4.232598304748535
4.293360710144043
4.621969223022461
4.356849193572998
4.449973106384277
5.045803546905518
4.710674285888672
4.825260639190674
4.66819953918457
4.815392971038818
5.06901216506958
5.02485990524292
4.7771220207214355
5.041130542755127
4.906692981719971
4.91315221786499
4.215303421020508
3.9679083824157715
4.794336318969727
4.916720390319824
5.322702884674072
4.669894695281982
3.8803396224975586
4.327863693237305
4.427505016326904
4.614526748657227
5.010372638702393
5.515251159667969
4.807437896728516
4.543997287750244
4.8153204917907715
5.509085655212402
5.973021984100342
4.895657539367676
4.979160785675049
5.0541253089904785
4.938742160797119
5.430695056915283
5.440946102142334
4.668064594268799
4.319109916687012
4.049426555633545
5.250359535217285
6.802771091461182
6.9021406173706055
5.347570896148682
4.405055522918701
5.0177154541015625
3.6739895343780518
4.506622314453125
5.0364990234375
5.207589626312256
4.958677768707275
6.035956859588623
4.870784759521484
4.810433387756348
5.171210289001465
4.868457317352295
5.195688247680664
4.66386079788208
4.581783294677734
4.87123441696167
4.781172275543213
4.528180122375488
4.285210609436035
4.340984344482422
4.812687397003174
4.327855110168457
3.521442174911499
3.4962315559387207
3.35471510887146
3.264474630355835
3.4936838150024414
4.005834579467773
5.688467502593994
5.447009086608887
5.017961502075195
5.015260696411133
5.560171127319336
5.881833553314209
5.120203971862793
5.710553169250488
5.274594783782959
5.39798641204834
5.133381366729736
5.055764198303223
5.029494762420654
4.76421594619751
4.535263538360596
4.77569580078125
5.012523174285889
5.862635612487793
5.411727428436279
4.90310525894165
4.7255330085754395
5.182853698730469
3.7243363857269287
4.538101673126221
5.612046718597412
7.047754287719727
5.113879680633545
5.307178497314453
5.56945276260376
5.4145941734313965
5.337269306182861
5.354317665100098
5.353053092956543
5.231205940246582
5.057124614715576
5.346948623657227
5.797797203063965
4.976884841918945
4.507595062255859
4.525707244873047
3.9993884563446045
3.82771897315979
3.84920334815979
3.618464231491089
3.294065237045288
5.807948112487793
3.5418903827667236
4.369522571563721
5.196650981903076
6.1567888259887695
5.581005573272705
5.188479423522949
5.401215076446533
5.384192943572998
5.151397228240967
4.803955554962158
4.66442346572876
4.334826946258545
4.6559739112854
4.72849702835083
5.5975189208984375
4.270874500274658
3.8949975967407227
3.966766834259033
3.868428945541382
3.866271734237671
6.1970977783203125
4.055252552032471
3.577141761779785
3.6716837882995605
3.917278528213501
4.2382707595825195
4.977514743804932
4.831498146057129
4.518927574157715
4.549590110778809
5.111629009246826
4.484622955322266
4.799783229827881
4.585134506225586
4.813596725463867
4.818539619445801
4.711904525756836
4.739185810089111
4.677982330322266
4.625974655151367
4.324156761169434
4.174871921539307
5.010772228240967
5.122783184051514
5.159542083740234
3.8567442893981934
4.525343418121338
3.684309720993042
5.115149021148682
4.171021938323975
4.563153266906738
4.942107200622559
5.964556694030762
4.496270179748535
4.87477970123291
4.890570163726807
4.847153186798096
4.776216506958008
5.1299214363098145
6.298619747161865
4.815128326416016
5.15317964553833
4.77398157119751
4.740608215332031
4.194127082824707
4.015753269195557
4.097111701965332
3.776970386505127
4.764814853668213
4.133687973022461
3.7374486923217773
5.05993127822876
3.8973283767700195
4.876812934875488
4.969610691070557
5.522245407104492
5.321354866027832
5.376321792602539
5.192446708679199
6.164391040802002
5.055086135864258
4.899309158325195
5.029114723205566
5.116905212402344
4.951783657073975
5.217504501342773
5.078707218170166
5.136528968811035
4.237005710601807
4.221327781677246
5.085093975067139
3.718592882156372
4.329999923706055
3.9696969985961914
3.75543475151062
4.146987438201904
5.148331642150879
4.604986190795898
5.3331098556518555
5.672488689422607
5.260845184326172
5.440232753753662
5.294926166534424
5.496560096740723
5.199621677398682
5.987532138824463
5.2343950271606445
5.077818393707275
5.024695873260498
5.279972076416016
5.975265026092529
4.900536060333252
4.1439385414123535
4.574960708618164
5.116876125335693
6.475597858428955
4.763766765594482
3.7851364612579346
3.7100791931152344
4.236673355102539
3.9600706100463867
4.126035213470459
5.236878871917725
6.425238132476807
5.4780964851379395
5.880308151245117
5.450980186462402
6.288486480712891
5.069273948669434
5.27578592300415
5.048065662384033
5.447999477386475
5.143570423126221
5.329642295837402
4.917017459869385
5.050229072570801
4.680738925933838
4.4298601150512695
3.8614280223846436
3.716586112976074
3.9433836936950684
3.6881537437438965
4.352728366851807
4.038392066955566
4.117938041687012
4.96144437789917
5.5507378578186035
6.774216175079346
5.833695888519287
5.909039497375488
6.133519649505615
7.228890419006348
5.833930492401123
5.562378883361816
5.963654518127441
5.534505844116211
5.565146446228027
5.594400405883789
5.6793437004089355
5.180093288421631
4.346690654754639
4.384360313415527
4.913080215454102
5.405292987823486
6.045807361602783
6.759145259857178
5.441671371459961
4.692741870880127
4.695259094238281
6.033609867095947
6.0843377113342285
6.078244686126709
6.023626804351807
5.827893257141113
6.141542434692383
5.969613552093506
6.128504276275635
5.341463565826416
5.330653667449951
5.643248081207275
5.306041240692139
5.578202247619629
5.373826503753662
5.505678176879883
4.651916027069092
4.919416904449463
4.924712181091309
5.803243160247803
7.028077602386475
5.668491363525391
5.222711086273193
4.308901309967041
5.310133934020996
5.205318450927734
5.416055202484131
5.340855121612549
6.541254043579102
6.662332057952881
6.191288471221924
6.098641872406006
5.705642223358154
5.661573886871338
6.119009494781494
6.369660377502441
6.602907180786133
6.160462379455566
6.606790065765381
5.913344860076904
4.940619945526123
4.957647323608398
5.116540431976318
4.7952728271484375
5.469642162322998
6.330480098724365
6.355743885040283
4.5224504470825195
4.198580265045166
5.475491046905518
6.019773006439209
7.055792808532715
5.804470539093018
6.06958532333374
6.128110408782959
6.546222686767578
6.219814777374268
6.413291931152344
6.33350133895874
6.096376419067383
6.027542591094971
6.504498481750488
6.655009746551514
6.590836524963379
5.524088382720947
5.220717906951904
6.362833499908447
5.290127277374268
5.646810054779053
5.971334934234619
5.545627593994141
5.514252662658691
5.948440074920654
5.442205429077148
6.812243938446045
7.720713138580322
7.174168586730957
7.671160697937012
7.8493876457214355
7.253397464752197
7.082263946533203
6.836915016174316
6.744137287139893
6.830064296722412
6.6439056396484375
7.141151428222656
6.880027770996094
6.095788955688477
5.9371771812438965
5.370254993438721
6.350247859954834
7.050277233123779
6.48274564743042
5.75495719909668
6.485790729522705
4.3302178382873535
4.407419681549072
5.575868129730225
7.62666654586792
8.07223892211914
7.345434665679932
7.876091003417969
7.462338447570801
7.724942207336426
7.576043128967285
7.454707622528076
6.982411861419678
7.71821403503418
6.72932243347168
7.251345634460449
7.324675559997559
6.784391403198242
5.528040409088135
5.332136631011963
6.364819049835205
6.124264240264893
5.0481977462768555
4.762608051300049
4.895323753356934
4.616107940673828
5.005569934844971
5.559688091278076
7.393907070159912
8.492819786071777
8.216092109680176
8.260791778564453
8.680246353149414
8.487602233886719
7.559900283813477
8.17623233795166
7.759186267852783
8.045414924621582
7.022764205932617
7.198703289031982
7.309258937835693
6.933578014373779
5.6287407875061035
5.255679607391357
5.0527663230896
4.26349401473999
5.652539253234863
4.355337142944336
4.9986186027526855
5.392204284667969
4.73895263671875
6.139895915985107
7.867894649505615
8.746213912963867
7.992731094360352
7.580422878265381
8.179667472839355
8.152335166931152
8.040242195129395
7.688068389892578
7.774138927459717
8.07913875579834
7.340953826904297
7.757290363311768
7.479372501373291
6.434287071228027
5.787729740142822
5.1565752029418945
9.22256088256836
5.744339942932129
5.658628463745117
5.107571125030518
5.472657203674316
7.382333278656006
4.904959201812744
5.95972204208374
7.216315269470215
8.582552909851074
7.6738691329956055
9.389122009277344
7.6871418952941895
7.2852983474731445
7.179357528686523
6.552487850189209
6.963222026824951
6.630484104156494
5.9105544090271
6.713404655456543
6.274891376495361
5.415156841278076
5.070940971374512
5.211918354034424
5.493337154388428
4.498502254486084
7.897646427154541
4.31516695022583
3.870452642440796
4.718903064727783
4.960511684417725
5.396982192993164
5.956101417541504
6.293637752532959
6.247026443481445
6.401015281677246
6.842770099639893
6.846680164337158
8.429976463317871
6.487249851226807
7.136976718902588
6.599906921386719
6.4033989906311035
7.05133581161499
6.622043132781982
6.410842418670654
5.427485466003418
5.484075546264648
5.511316776275635
3.9716665744781494
4.7466044425964355
3.9659056663513184
4.154894828796387
5.17507266998291
4.662100315093994
5.524811267852783
6.596081256866455
6.988282203674316
6.948675632476807
7.150087833404541
7.974549293518066
7.690519332885742
7.331113815307617
7.425844192504883
9.030462265014648
7.513761043548584
7.325594902038574
8.217766761779785
7.364437103271484
6.8590898513793945
5.990609169006348
5.110537052154541
6.212484836578369
5.476190567016602
5.224100589752197
5.638908386230469
4.687566757202148
4.150872707366943
5.858775615692139
5.5293169021606445
6.804575443267822
8.422310829162598
7.478987693786621
8.26541519165039
8.212217330932617
8.023757934570312
7.78230619430542
7.53636360168457
7.573202133178711
7.19607400894165
7.2777628898620605
8.16496753692627
7.7024006843566895
7.259751319885254
5.361209869384766
4.940441608428955
5.562347412109375
5.959085464477539
6.013418197631836
4.724090099334717
4.759875297546387
4.983184814453125
5.7755889892578125
7.016582012176514
6.795421123504639
7.023115158081055
6.654459476470947
6.806824684143066
6.941758155822754
6.9723358154296875
7.582479476928711
7.100839138031006
7.225656986236572
7.733331203460693
7.2075653076171875
7.739100933074951
7.707261085510254
7.1875691413879395
6.442124366760254
5.602417945861816
4.794697284698486
4.185701847076416
5.037377834320068
4.559571266174316
7.223687648773193
4.129578590393066
4.919001579284668
5.920570373535156
7.7662672996521
9.133830070495605
7.299766540527344
7.455038070678711
7.546792030334473
7.6496076583862305
7.462340831756592
7.359545707702637
7.519151210784912
7.864217758178711
6.874792098999023
7.516354084014893
6.9101691246032715
7.0843353271484375
6.11179256439209
4.914083003997803
4.983654499053955
4.678372859954834
4.714984893798828
4.47891902923584
4.67294454574585
4.591371536254883
5.028131008148193
6.133988857269287
7.912556171417236
8.261651039123535
7.737449645996094
7.541295051574707
8.144027709960938
8.241182327270508
8.292169570922852
8.970431327819824
8.1003999710083
7.946382999420166
7.8564772605896
7.609430313110352
7.169915676116943
6.557550430297852
5.938726425170898
5.338682174682617
6.792919158935547
6.369419097900391
3.993581533432007
3.6942265033721924
4.16855001449585
4.427309513092041
6.030514240264893
6.1992597579956055
7.31171989440918
7.709682941436768
7.8075690269470215
7.117050647735596
7.651430606842041
7.132667064666748
6.383488655090332
6.426082611083984
6.04107666015625
6.398624420166016
6.007322311401367
6.20105504989624
6.037524223327637
5.510827541351318
4.735239505767822
4.460890293121338
4.319403648376465
4.062892913818359
8.321189880371094
4.766998767852783
4.331705093383789
5.754671096801758
4.575030326843262
5.761111259460449
6.521128177642822
5.97398567199707
6.180057048797607
6.462865352630615
6.8931660652160645
6.668025016784668
6.831125736236572
6.683363914489746
6.633357524871826
6.9261579513549805
7.113428592681885
7.67095422744751
8.691956520080566
6.305168151855469
6.208118438720703
5.55827522277832
5.758590221405029
5.642975807189941
6.230091571807861
5.6356329917907715
4.699606418609619
5.976196765899658
5.00328254699707
5.815571308135986
6.6178717613220215
7.398652076721191
6.733070373535156
6.937012672424316
7.196027755737305
7.2246246337890625
7.166285514831543
6.983761787414551
7.040498733520508
6.873781681060791
7.218113899230957
7.115735054016113
8.491278648376465
6.245457649230957
5.506868839263916
5.171665191650391
6.688751220703125
5.776933670043945
6.074588775634766
4.823603630065918
4.542268753051758
4.731795787811279
4.513790607452393
8.270883560180664
6.434882164001465
6.933272838592529
6.505832195281982
6.761840343475342
6.968641757965088
7.589385032653809
8.394988059997559
7.449225902557373
7.094002723693848
7.261521339416504
6.899498462677002
7.389829635620117
7.003453254699707
6.80859375
7.560819625854492
5.507122039794922
6.091312408447266
6.1738786697387695
7.0917534828186035
6.418787002563477
5.8612165451049805
5.5456929206848145
4.794777870178223
6.317834377288818
7.99366569519043
7.938982963562012
7.641748428344727
8.168888092041016
8.31497573852539
8.291888236999512
8.327651977539062
8.158676147460938
8.61340045928955
8.935815811157227
7.9834675788879395
7.914045333862305
7.060445785522461
6.487286567687988
6.073276519775391
5.0081329345703125
5.5453009605407715
6.213040828704834
5.720951080322266
5.043534755706787
4.314748287200928
4.384237289428711
5.954586505889893
6.176060676574707
7.613830089569092
7.896742820739746
7.684952735900879
7.5544352531433105
8.300971984863281
7.817807197570801
8.827213287353516
7.362105846405029
7.519984722137451
7.599184513092041
7.140862464904785
8.070074081420898
7.27209997177124
6.9811811447143555
5.8170576095581055
6.0030517578125
5.794027328491211
6.82084321975708
6.155971527099609
6.423831462860107
5.324306488037109
5.048181533813477
7.787619590759277
5.823875427246094
7.443850994110107
8.185294151306152
7.767157077789307
7.547129154205322
7.953132629394531
8.111145973205566
7.911601543426514
7.872890949249268
7.324016571044922
7.522803783416748
7.101025581359863
8.511723518371582
7.142359256744385
6.483467102050781
5.293426036834717
5.0579657554626465
10.46562671661377
6.1164021492004395
5.950427532196045
6.367059707641602
4.730769157409668
4.680334091186523
4.744811534881592
5.353577136993408
6.76955509185791
7.125198841094971
7.580074310302734
7.252058982849121
8.0418062210083
7.885029315948486
6.909976482391357
6.718316078186035
6.61165189743042
6.525353908538818
6.458599090576172
6.299813747406006
6.5904693603515625
5.751391887664795
4.624480724334717
5.261312007904053
6.08897066116333
5.729459762573242
5.2940287590026855
5.190918445587158
5.357051849365234
4.606608867645264
4.5703887939453125
5.3639936447143555
5.328034400939941
5.564371109008789
5.538328170776367
5.755401611328125
6.5648884773254395
6.088924884796143
6.036420822143555
5.913280010223389
6.055143356323242
5.814198970794678
5.806673526763916
5.897237777709961
5.892868995666504
5.696288108825684
4.945754528045654
4.885583400726318
4.8441267013549805
7.247725486755371
5.926856994628906
5.0860981941223145
5.6802449226379395
3.872462511062622
4.277829647064209
5.43693208694458
6.492340087890625
6.255784511566162
6.68617057800293
6.736444473266602
7.640207290649414
7.403095722198486
6.895165920257568
6.563177585601807
6.7276153564453125
5.945782661437988
6.167818546295166
6.621150970458984
6.812265396118164
6.910752296447754
5.164675712585449
5.841185092926025
4.9457831382751465
4.40024471282959
4.224862098693848
4.278682708740234
3.9279980659484863
4.306167125701904
4.563403129577637
6.527308464050293
5.673288822174072
6.203840255737305
6.892990589141846
6.378168106079102
6.525955677032471
6.7440266609191895
6.700641632080078
6.540801048278809
6.612312316894531
6.330790996551514
6.599706649780273
5.93341064453125
5.431186676025391
4.691364765167236
4.875385284423828
4.397626876831055
4.483299732208252
4.009754657745361
3.920545816421509
3.2627012729644775
3.8193509578704834
3.560786724090576
3.655395746231079
4.412567615509033
5.918819904327393
6.161967754364014
6.02871561050415
7.169262409210205
6.020697593688965
5.895313739776611
5.793669700622559
5.575473785400391
5.617127895355225
5.6839070320129395
5.316587448120117
5.64011812210083
5.485530376434326
5.201900005340576
5.089427947998047
4.569875240325928
3.9589664936065674
3.6309564113616943
3.9721217155456543
3.6221301555633545
3.9746041297912598
3.5438737869262695
3.706282377243042
4.739238739013672
5.523786544799805
6.01167631149292
6.370724201202393
6.027974605560303
6.079783916473389
6.0513129234313965
5.915899276733398
5.895000457763672
5.670143127441406
5.801265716552734
5.389286994934082
5.554361343383789
5.538910388946533
5.151535987854004
4.574347972869873
4.378915786743164
3.9961397647857666
3.7454473972320557
3.497978687286377
3.5915493965148926
7.412485122680664
3.432785749435425
3.7414891719818115
4.501327037811279
5.981080055236816
6.486580848693848
6.668837070465088
6.412350654602051
6.940390110015869
6.869272232055664
6.753223896026611
6.565493106842041
6.423346042633057
6.684333801269531
6.132396697998047
6.801137447357178
6.4242095947265625
5.961666584014893
4.755272388458252
4.678012371063232
4.463096618652344
3.866368055343628
3.564326286315918
3.6580870151519775
4.042170524597168
4.810544967651367
4.112485885620117
4.812997341156006
6.786373138427734
6.540651798248291
6.759472370147705
6.597625732421875
7.451196670532227
7.615061283111572
7.27101469039917
6.267519950866699
6.106245994567871
5.642487525939941
5.848172187805176
6.115623950958252
5.648305416107178
5.842168807983398
4.779868125915527
4.627716064453125
4.523397445678711
4.191691875457764
4.113831996917725
4.332081317901611
3.7912826538085938
5.159281253814697
4.034808158874512
4.637180328369141
5.071018695831299
5.337902069091797
5.335726261138916
5.415012836456299
5.84258508682251
5.759710788726807
5.622239112854004
5.657557487487793
5.609584808349609
5.320873260498047
5.328211784362793
5.7231059074401855
6.478752136230469
5.496781826019287
4.710153102874756
4.494866847991943
4.4669060707092285
4.565402984619141
4.700938701629639
4.388423919677734
3.789590358734131
3.826019287109375
4.099092483520508
4.417986869812012
5.305752277374268
5.32006311416626
5.150865077972412
5.732822895050049
5.510577201843262
5.269649028778076
5.308682918548584
5.621622562408447
5.57531213760376
5.904326438903809
5.163243770599365
5.711196422576904
6.720058917999268
5.82055139541626
5.788852691650391
5.00808048248291
5.052886962890625
4.300410270690918
3.770594358444214
4.011244297027588
4.761465549468994
4.163479328155518
5.560103416442871
5.20966100692749
6.810029029846191
7.608428478240967
7.374051570892334
7.178075313568115
7.247544765472412
7.115194797515869
7.726574897766113
6.814991474151611
6.839057445526123
6.928989887237549
6.237934112548828
6.979519844055176
7.2513322830200195
6.376773834228516
5.453984260559082
4.854677677154541
4.320832252502441
4.128624439239502
4.659027099609375
3.645817518234253
4.236754417419434
4.856049060821533
3.9719042778015137
4.9346160888671875
5.694045066833496
6.256112575531006
5.988881587982178
5.8973798751831055
7.101653099060059
6.215221405029297
6.010600566864014
6.102219581604004
5.959847927093506
5.73993444442749
5.54803991317749
5.722396373748779
5.536471366882324
5.6131205558776855
5.2557501792907715
4.661019325256348
4.136451721191406
3.9311959743499756
3.7884762287139893
3.5359115600585938
3.7942583560943604
3.476984739303589
3.7243285179138184
4.403208255767822
5.4338297843933105
6.105817794799805
5.141798496246338
5.458593845367432
5.657873630523682
5.313662528991699
5.654508590698242
5.677335262298584
5.5220537185668945
5.507232189178467
5.192246437072754
6.621528625488281
15.620312690734863
5.498881816864014
4.411588668823242
4.154018878936768
3.9703328609466553
4.06059455871582
3.9378459453582764
3.763457775115967
3.4891269207000732
3.7175707817077637
3.76094126701355
4.504007816314697
5.670347690582275
6.587899208068848
6.4077067375183105
6.156651973724365
6.2511491775512695
6.0762128829956055
6.134337902069092
5.753107070922852
5.829183101654053
5.758882999420166
5.488999843597412
5.805948257446289
5.868649959564209
5.768130779266357
4.702494144439697
4.200223445892334
4.101798057556152
3.798170804977417
4.7084736824035645
3.929661512374878
4.1106181144714355
3.8534998893737793
4.142939567565918
4.888040065765381
5.651532173156738
6.136988162994385
6.231188774108887
6.526865482330322
6.587551116943359
6.292664051055908
5.88382625579834
5.758697509765625
5.454500198364258
5.517500877380371
5.462662696838379
5.755605697631836
5.499472618103027
4.918737888336182
4.292716979980469
4.010065078735352
3.598142385482788
3.892016887664795
4.028881072998047
4.188609600067139
4.25708532333374
3.6935484409332275
3.9851057529449463
4.617883205413818
5.203178405761719
5.153239727020264
4.952708721160889
5.658064365386963
5.660774230957031
5.42179012298584
5.373991012573242
5.48293399810791
6.3126702308654785
5.528902053833008
5.10128927230835
5.353801727294922
4.789183139801025
4.954062461853027
4.481921672821045
4.144132137298584
4.429064750671387
3.990306854248047
3.860366106033325
4.18752384185791
4.331783771514893
3.681715488433838
3.8575148582458496
4.19024658203125
4.455532550811768
4.888517379760742
4.841687202453613
4.805923938751221
4.90001106262207
4.815134048461914
4.636163234710693
4.678226947784424
4.714685440063477
4.549896240234375
4.445216655731201
5.24074649810791
5.431067943572998
5.3080854415893555
4.8447957038879395
4.538987636566162
4.66092586517334
4.361076354980469
4.32475471496582
4.447621822357178
3.8550431728363037
3.9252512454986572
4.213399410247803
4.670114517211914
5.927487850189209
6.420004844665527
9.041640281677246
5.841076850891113
6.150745391845703
5.541608810424805
5.834144592285156
5.959896564483643
5.8182196617126465
5.815517425537109
5.769911766052246
5.785308361053467
5.841397762298584
5.307971000671387
4.41066837310791
4.050889492034912
4.003460884094238
3.3260443210601807
3.442547082901001
3.2832064628601074
3.575748920440674
3.5171966552734375
3.7829926013946533
4.779726505279541
5.786118507385254
6.025029182434082
5.632396221160889
5.839144706726074
6.09795618057251
5.69140625
5.768337726593018
5.607689380645752
5.794045925140381
5.81370735168457
5.222058296203613
5.557275295257568
5.569624900817871
5.000499725341797
4.389053821563721
3.88873291015625
3.5587844848632812
3.466607093811035
3.79138445854187
3.231323480606079
4.212247848510742
3.511551856994629
3.5560295581817627
4.513322830200195
5.725028038024902
6.507518768310547
6.0960612297058105
5.9882001876831055
6.017266273498535
6.0124897956848145
5.721747875213623
5.6765360832214355
5.509565830230713
5.397479057312012
5.050146102905273
5.450531482696533
5.265594482421875
5.090301513671875
4.795093059539795
4.41112756729126
3.686386823654175
3.256826162338257
3.5925815105438232
3.36846923828125
3.7684438228607178
3.3435747623443604
3.5944161415100098
5.022099018096924
5.824069023132324
6.459804534912109
6.334372043609619
5.9156107902526855
6.284797191619873
6.260892391204834
6.055883884429932
6.039290428161621
5.930850028991699
5.92190408706665
5.523170471191406
5.828028678894043
6.121783256530762
5.481118679046631
4.618985652923584
4.184255123138428
3.4128894805908203
3.222689151763916
3.304426670074463
3.43794322013855
4.20488166809082
3.22615909576416
3.674931049346924
4.387091159820557
5.37816858291626
5.937544345855713
6.121832847595215
5.940837383270264
6.238083362579346
5.776567459106445
5.4784770011901855
5.240498065948486
5.074223518371582
5.377879619598389
5.17723274230957
6.180382251739502
5.207860469818115
4.8917059898376465
4.697773456573486
4.217579364776611
4.337856292724609
4.203389644622803
4.1466755867004395
4.441528797149658
3.9344911575317383
3.9359092712402344
4.251471519470215
4.7453155517578125
5.500856876373291
5.403989791870117
5.134703636169434
6.213065147399902
9.04653549194336
7.1890869140625
7.124835014343262
6.6807332038879395
6.691757678985596
6.489198684692383
6.374695777893066
6.830117225646973
6.556728839874268
6.477679252624512
5.481442451477051
4.802856922149658
3.8504133224487305
3.7519378662109375
3.061382532119751
3.6740670204162598
4.026309490203857
4.029249668121338
4.37202787399292
5.144220352172852
6.1876606941223145
6.444672107696533
6.535780429840088
6.7641921043396
31.963642120361328
3.7745859622955322
3.727581024169922
4.7314677238464355
5.029348373413086
5.616881847381592
5.079166412353516
13.525359153747559
9.792744636535645
0.0
0.0
0.0
0.0
0.0
5.083333492279053
3.3919901847839355
3.7634193897247314
3.372452735900879
3.9218335151672363
4.358054161071777
5.433597564697266
5.816948890686035
5.503605842590332
5.619503498077393
5.510867118835449
5.536858558654785
5.7458319664001465
6.20076847076416
23.723093032836914
15.819785118103027
5.015702247619629
5.325862884521484
5.617868900299072
4.889066219329834
4.556784629821777
4.508420944213867
4.941190719604492
3.735783338546753
3.535087823867798
3.740469217300415
3.73233962059021
3.244487762451172
3.280697822570801
3.7718377113342285
4.389138698577881
4.538236141204834
4.502415180206299
5.7527923583984375
4.410144805908203
4.461740493774414
4.72914981842041
4.387553691864014
4.549029350280762
4.726108074188232
4.410038471221924
4.537492275238037
4.565539836883545
4.220819473266602
4.004042148590088
4.07262659072876
4.296810150146484
4.312238693237305
3.723254680633545
3.518355369567871
5.476048946380615
3.27105975151062
3.3501617908477783
3.666271448135376
4.078113555908203
4.476866245269775
4.352980136871338
4.930582046508789
4.355648994445801
4.470824718475342
4.267472267150879
4.217691898345947
4.34330415725708
4.2954206466674805
4.649478435516357
4.3309831619262695
4.422174453735352
4.540940761566162
3.9286532402038574
3.96482253074646
4.080400466918945
4.259646415710449
4.275435447692871
4.505543231964111
4.088096618652344
3.408259391784668
3.4213221073150635
4.1121625900268555
4.345191478729248
5.714745998382568
4.7695817947387695
4.798969745635986
5.00920295715332
4.7653350830078125
4.610008239746094
4.40585470199585
4.152693748474121
4.238570690155029
4.162106990814209
4.451961040496826
5.009973049163818
4.159356117248535
3.8221006393432617
3.8616487979888916
4.011425971984863
3.8319039344787598
3.908743143081665
4.081822395324707
4.194974422454834
3.8467867374420166
3.710664987564087
3.8084828853607178
4.034088611602783
4.0329179763793945
4.222801208496094
4.447094917297363
4.501114368438721
4.232237815856934
4.111133098602295
4.136491298675537
3.9230682849884033
4.00590181350708
3.9307076930999756
4.081554412841797
4.03084135055542
3.8686094284057617
3.794079542160034
3.751923084259033
3.9944469928741455
3.9891164302825928
4.595262050628662
4.284167289733887
4.2183756828308105
3.839296579360962
4.103014945983887
3.955317258834839
4.30487060546875
4.268143177032471
4.427361965179443
4.485126972198486
5.306573867797852
4.976419448852539
0.0
0.0
0.0
0.0
0.0
0.0
0.0
0.0
0.0
0.0
0.0
0.0
1.2222222089767456
4.034743785858154
3.6764609813690186
3.4242658615112305
3.267768144607544
4.262974262237549
6.04261589050293
4.325563907623291
4.315220832824707
4.520292282104492
4.697987079620361
4.82146692276001
4.46523380279541
4.472592353820801
4.940101146697998
4.678324222564697
4.389738082885742
4.66109561920166
4.625603675842285
4.793683052062988
4.336093902587891
3.8850040435791016
4.039097785949707
3.7202587127685547
4.988615036010742
4.050374507904053
3.7737374305725098
3.5218188762664795
3.7182748317718506
4.159163951873779
4.715525150299072
5.724855422973633
4.865270137786865
5.948329925537109
5.357346534729004
5.059990406036377
4.918900489807129
4.761995792388916
4.480839252471924
4.355352401733398
4.369464874267578
5.4388885498046875
4.635482311248779
4.698915481567383
4.466989517211914
4.2461395263671875
4.1271843910217285
3.694455862045288
4.1308088302612305
4.014623165130615
3.6677932739257812
3.344104051589966
3.5545520782470703
3.719575881958008
4.388301372528076
4.701722145080566
4.575393199920654
4.805621147155762
4.954705238342285
4.835637092590332
4.798161506652832
4.772161960601807
4.765449523925781
4.92248010635376
4.4631829261779785
5.03228235244751
0.0
5.026158809661865
4.684962272644043
4.441287040710449
4.456207275390625
4.749391078948975
4.601633548736572
4.4206743240356445
4.895622730255127
4.64502477645874
3.62300705909729
3.8250832557678223