2.0666666666666766
3.3552816901408526
3.1842253521126844
3.204225352112684
3.184225352112684
3.0642253521126834
1.9600000000000097
1.8400000000000098
1.86000000000001
1.88000000000001
1.90000000000001
1.9400000000000097
1.9600000000000102
1.9400000000000097
1.9600000000000102
1.9600000000000102
2.00000000000001
2.00000000000001
2.0000000000000098
1.9600000000000097
1.9600000000000102
1.90000000000001
1.90000000000001
1.9400000000000102
2.0800000000000103
2.994551607445016
3.1545516074450157
3.154551607445016
3.114551607445016
2.954551607445016
1.9600000000000102
1.80000000000001
1.84000000000001
1.86000000000001
1.9400000000000102
2.08000000000001
2.16000000000001
2.08000000000001
2.12000000000001
2.12000000000001
2.12000000000001
2.12000000000001
2.14000000000001
2.06000000000001
2.0600000000000103
1.98000000000001
1.9600000000000097
2.02000000000001
2.12000000000001
3.07040586245773
3.1504058624577302
3.0904058624577297
3.05040586245773
2.97040586245773
1.9800000000000098
1.90000000000001
1.9400000000000102
1.9400000000000102
1.98000000000001
1.9600000000000102
2.02000000000001
2.0000000000000098
2.04000000000001
2.0600000000000103
2.14000000000001
2.08000000000001
2.10000000000001
2.04000000000001
2.0000000000000098
1.9400000000000097
1.98000000000001
2.02000000000001
2.1200000000000103
3.1274450084602443
3.2874450084602445
3.267445008460244
3.2874450084602445
3.187445008460244
2.18000000000001
2.02000000000001
2.08000000000001
2.0600000000000103
2.08000000000001
2.04000000000001
2.08000000000001
2.0000000000000098
1.9600000000000102
1.98000000000001
2.0600000000000103
2.0600000000000103
2.14000000000001
2.1400000000000103
2.10000000000001
2.02000000000001
2.00000000000001
1.9600000000000102
2.0000000000000098
3.12124083474338
3.3412408347433797
3.3612408347433798
3.3412408347433797
3.28124083474338
2.14000000000001
1.9400000000000097
1.92000000000001
1.90000000000001
1.9400000000000097
1.98000000000001
2.0200000000000102
2.0000000000000098
2.06000000000001
2.0600000000000103
2.08000000000001
2.10000000000001
2.18000000000001
2.140000000000028
2.120000000000026
2.080000000000026
2.0600000000000263
2.020000000000026
2.0600000000000085
3.033653032440064
3.1536530324400642
3.1136530324400638
3.053653032440064
2.9936530324400636
1.9600000000000097
1.8400000000000098
1.86000000000001
1.88000000000001
1.90000000000001
1.9400000000000097
1.9600000000000102
1.9400000000000097
1.9600000000000102
1.9600000000000102
2.00000000000001
2.00000000000001
2.0000000000000098
1.9600000000000097
1.9600000000000102
1.90000000000001
1.90000000000001
1.9400000000000102
2.0800000000000103
3.18016930022574
3.32016930022574
3.32016930022574
3.32016930022574
3.28016930022574
2.22000000000001
2.1200000000000103
2.10000000000001
2.06000000000001
2.00000000000001
1.9400000000000097
1.9400000000000102
1.9400000000000097
1.9200000000000101
1.9200000000000101
1.90000000000001
1.90000000000001
1.90000000000001
1.9000000000000103
1.9400000000000102
1.9400000000000097
1.9600000000000102
2.0000000000000098
2.0600000000000103
2.917176736307178
2.977176736307178
2.937176736307178
2.877176736307178
2.8371767363071774
1.92000000000001
1.9600000000000102
1.98000000000001
2.0400000000000102
2.0600000000000103
2.1000000000000103
2.0400000000000102
2.02000000000001
2.04000000000001
2.0400000000000102
2.0400000000000102
2.08000000000001
2.08000000000001
2.0000000000000098
2.0400000000000102
1.98000000000001
1.9400000000000102
2.0000000000000098
2.1400000000000103
3.092327221438654
3.2323272214386543
3.2323272214386543
3.212327221438654
3.132327221438654
2.16000000000001
2.04000000000001
2.04000000000001
2.0000000000000098
2.0000000000000098
1.98000000000001
2.00000000000001
1.9600000000000102
1.9600000000000097
1.9200000000000101
1.9200000000000101
1.9600000000000102
1.9800000000000098
1.9600000000000097
1.9800000000000104
1.9400000000000102
1.9600000000000097
2.04000000000001
2.16000000000001
3.1408288694671618
3.360828869467162
3.300828869467162
3.2608288694671623
3.1808288694671623
2.2200000000000104
2.0400000000000102
2.0600000000000103
2.0400000000000102
2.0600000000000103
2.0400000000000102
2.0600000000000103
2.0400000000000102
2.0600000000000103
2.0400000000000102
2.0600000000000103
2.0400000000000102
2.0600000000000103
2.0400000000000102
2.0600000000000103
2.0400000000000102
2.0600000000000103
2.0400000000000102
2.0600000000000103
3.0671297120807437
3.0671297120807437
3.027129712080744
3.0071297120807436
2.9671297120807436
1.88000000000001
1.8600000000000096
1.9200000000000101
1.92000000000001
1.98000000000001
2.02000000000001
2.10000000000001
2.08000000000001
2.1400000000000103
2.14000000000001
2.18000000000001
2.1200000000000103
2.0600000000000103
1.9600000000000102
1.90000000000001
1.84000000000001
1.84000000000001
1.9000000000000103
2.0000000000000098
2.91887260428411
2.9988726042841103
2.97887260428411
2.9188726042841098
2.8588726042841097
1.90000000000001
1.8400000000000098
1.86000000000001
1.88000000000001
1.90000000000001
1.9400000000000097
1.9600000000000102
1.9400000000000097
1.9600000000000102
1.9600000000000102
2.00000000000001
2.00000000000001
2.0000000000000098
1.9600000000000097
1.9600000000000102
1.90000000000001
1.90000000000001
1.9400000000000102
2.0800000000000103
2.943641488162352
3.083641488162352
3.1636414881623525
3.203641488162352
3.1436414881623516
2.30000000000001
2.2000000000000104
2.10000000000001
2.0000000000000098
1.95000000000001
1.90000000000001
