1.880079006772009
1.5720338983050848
2.426553672316384
7.22112676056338
2.1822548742582653
1.4521788341822297
2.03690036900369
1.772039942938659
2.9696449026345935
2.4864324478720365
2.1685264663805435
2.5047183299971403
2.5551743853630646
2.307122507122507
2.0051296665716727
1.9090131203650884
2.188389299943085
1.5325932251636778
2.4197038724373576
2.0839260312944523
1.6947517730496453
1.539920724801812
2.080225988700565
1.600451467268623
1.6039492242595204
1.5227080394922425
2.5018366770274088
6.572758037225042
1.6093971129351825
1.6277950750070762
1.6409529211571185
1.5454545454545454
1.3599088838268794
1.4757171258165294
2.0992323002559
2.174594132725719
2.8821520068317676
1.960968660968661
2.1068680535765174
2.227130236534625
3.0147937411095307
1.1008834425762326
1.4928774928774928
2.438836612489307
1.8369781312127236
1.7412131519274376
1.2497168742921858
1.6074555210392545
1.5783234546994074
1.2200902934537246
3.3019774011299434
6.852029312288614
0.7609494207403221
1.8641381262383243
1.837784090909091
1.9906063193851409
1.6455840455840456
2.14383366562233
2.4131054131054133
1.7315819531696173
1.6737082500713674
2.386830102622577
2.4383561643835616
2.5334859759587864
2.4140290846877672
1.7167284126531774
1.780188409934342
2.270045819014891
1.2960526315789473
1.8665530948324816
1.142331635540464
1.7555806725063576
1.4449463579898363
1.3401129943502825
2.322215941209723
7.037225042301184
1.09245122985581
1.4529745042492919
1.830450808052169
2.1183010262257698
2.321806230351529
1.618966009711511
2.3798803077799944
2.2561746122917863
2.401545506582713
2.603827477863468
2.3536306460834764
1.9464490263459335
2.1932077625570776
1.72023979446189
1.681350114416476
2.081690945444159
1.9111111111111112
1.6881384790011351
1.0701953014435324
1.080905233380481
1.4561899378179763
0.8778625954198473
3.0680983328623905
7.506204173716864
1.3107152954481198
1.4218130311614732
2.143952299829642
1.7098800685322673
1.5572125035847433
2.0632151029748282
1.9768571428571429
4.560263383910678
1.7567645365572826
2.5602633839106783
2.4921045076083836
1.9991394148020654
2.1287185354691074
1.9757350842135313
1.5348637015781923
2.022955523672884
1.6387225548902196
1.3830210107893242
2.009060022650057
1.7926449787835927
2.0268285794973173
0.7432852700028273
2.565856416054268
6.868265162200282
1.5183719615602036
1.1688863700765089
2.2194152710757877
1.9203084832904884
1.81651376146789
1.7927490722238082
1.8494285714285714
2.710895052902488
2.0864338866628507
2.339060710194731
1.8053883634279162
1.5735546651402403
1.8256013745704467
1.6298830909609352
1.8497142857142856
2.482030804335425
1.8331435079726652
1.8821357568872479
1.5335979586050468
1.2497171945701357
1.140192198982476
1.1293785310734463
2.0432447710570942
7.5008465011286685
1.3246606334841629
0.8836353340883352
2.084019301731479
1.320754716981132
2.060579959804766
2.127464989997142
2.8969957081545066
2.1544855259386644
2.668198793450158
1.928591912819042
2.0214653692043503
2.018348623853211
2.2071530758226037
2.1257861635220126
1.956634118322803
2.5504297994269343
1.4069004847447961
1.2012507106310404
1.2892725728842345
0.9442715700141443
1.5387224420576597
1.1287771815871224
2.2635001413627367
6.485883681535856
1.2593325791855203
1.7064662507090187
1.500142005112184
1.7366020524515393
1.6793587174348696
2.2158993422933944
1.6701030927835052
1.9606547960941987
1.8420448018380242
2.259598853868195
2.526887871853547
2.3692922374429224
1.6156705747783815
1.775021385799829
1.3954882924043404
1.4860319270239453
2.1708914839077185
1.6908678389109473
1.3413461538461537
1.2225988700564971
1.0050876201243641
1.0680983328623905
2.3146576117713638
6.96163610719323
1.0735502121640736
1.5892351274787535
2.032926483110985
1.5589656152315998
1.3919726729291204
1.6507394766780432
1.629302987197724
2.0707358813462635
1.2974285714285714
1.6802857142857144
1.9817247287264421
2.236503856041131
1.507845934379458
1.5057012542759407
2.0702054794520546
1.5542580461407007
1.483072546230441
1.2526942711287579
0.7297679683078664
1.0460712266817411
1.2313559322033898
1.3565979090138458
2.24399208368674
6.904144347335777
1.1767533936651584
1.3246385029770342
1.2925652667423382
1.8130521516101454
1.9595326303790253
1.7600227466590845
1.134073441502989
1.4605300655457396
1.7603305785123966
0.9748930099857347
2.041107622038253
2.339326484018265
1.6074580130942215
1.5877168040943985
1.9951553149045311
2.529059829059829
1.0461669991450555
1.5104934770277936
1.23351259552788
1.0053763440860215
0.6936122102882984
0.7427843803056027
2.4971735443753533
7.135648560403681
1.4063294716021475
2.3403111739745404
1.9537457434733259
1.7956682815616984
1.6917572982255296
1.638865004299226
0.9435736677115988
1.7711840228245364
2.4510699001426532
1.8126069594980034
2.1739502999143103
1.3681051729065448
2.1995996568487275
1.5684990031330106
1.7633979475484607
2.5370792926411867
1.2474402730375427
1.2599318955732122
0.9062853907134768
1.331166996326646
0.8574654247812589
1.300395256916996
2.030799660921164
6.494363021420519
1.3612446958981612
1.1833616298811545
1.426299346776484
1.6497432972047918
1.7428407789232532
2.3207063514668187
2.6936449130806497
1.3706453455168475
2.398623458560367
1.2632781267846944
1.6180416785612333
1.611397479954181
1.7031963470319635
1.2558672009158558
1.825401376146789
1.6878744650499287
1.3468981217985203
1.328607882052736
1.7679886685552408
1.5228813559322034
0.6875706214689266
1.0409604519774012
2.0260107435679955
6.318207440811725
0.9768296128849958
1.6397392290249433
1.3391082078954843
1.921451013996001
1.6479518762532226
1.5640513552068473
1.4553495007132669
1.992
2.2304832713754648
1.9301859799713876
1.97454233409611
1.4176672384219553
1.948586118251928
1.317080125463359
1.8581641406920217
2.078744650499287
1.42674253200569
1.1929625425652668
1.261608154020385
0.7323346523459582
0.8911814584511023
1.1355932203389831
2.550310910118711
6.905016910935738
0.9253815715093273
1.1595352791158968
1.583404376243251
1.6085836909871245
1.6863139735480162
1.8439108061749572
1.538
1.8321397880263535
1.2585910652920962
1.8839336763865067
1.8314735336194563
1.5512306811677161
1.9233628824706892
1.1531660011409013
1.0650057273768614
1.243791036254639
0.9094533029612756
0.9628474191718661
0.809915014164306
1.1192764273600904
1.166290231507623
0.7836769274216323
1.838135593220339
6.576825486326473
0.8715700141442716
1.2951005380911922
2.51179312304632
2.211905440045571
1.5889429962761386
2.0646083476272157
2.4440949385187305
1.7829568201315413
2.3135181480422977
1.445301342473579
1.0823361823361823
1.2085470085470085
1.2070635146681856
1.927065527065527
1.3652694610778444
1.3693359931604445
1.6805002842524162
1.1906515580736543
1.2661951909476663
0.7974576271186441
1.0384072295961593
0.7557942340305257
1.688807235726399
7.547813822284908
0.9144475920679886
1.1557632398753894
1.1903409090909092
1.3326693227091633
1.1407006550840217
1.563264145578618
1.9367160775370582
1.464234824736392
1.602509267179926
1.7609005414648047
0.8260621613915027
2.067047075606277
1.1735537190082646
1.8424950156650526
1.3366562232982055
1.1481059527200228
1.5469283276450512
1.0539007092198582
0.6015271493212669
1.3387051173310716
1.0889328063241106
0.5514124293785311
1.5113058224985867
6.924421883812747
1.0647990945104697
1.2834890965732086
1.3953488372093024
2.2353946993445426
2.2432972047917854
1.1088009114212476
1.2568337129840548
1.366933181039406
1.4019411932629176
1.716324200913242
1.7358813462635483
1.4149971379507726
1.8265451438336657
1.4428002276607854
1.8818155866400228
1.0262257696693273
1.240398293029872
1.220834516037468
0.9340130274709714
0.7611644997173544
0.8412877718158712
0.4285310734463277
1.4164546225614927
7.646245059288537
1.2894736842105263
1.383743981874823
1.3943781942078364
1.7714041095890412
2.0085836909871246
1.2609316947699343
1.8508997429305913
2.4311034877072615
1.4209322276236775
1.664095972579263
1.2891807022552098