3.3117443868739205
1.98526863084922
2.245887445887446
1.2846883079574836
2.5960435779816513
1.481768590295722
1.7418161115855395
0.8447098976109215
1.3186092903961242
0.8906205724001134
0.677136389360498
1.0269580022701477
1.3063649222065064
0.5234198645598194
0.46219201359388273
0.8705483323911815
0.8205417607223476
1.3283328615907162
0.8255090497737556
1.1180124223602483
0.6351542598358336
2.7877758913412563
3.225551158846806
1.3672428449985832
6.281117696867062
7.493785310734463
7.72090395480226
1.653541076487252
0.6544117647058824
0.9103291713961408
1.1937039137833239
1.491089108910891
1.752556818181818
1.7565639269406392
1.0701454234388366
1.1592793823277094
1.8301449275362318
1.9424023154848047
1.243966269264321
1.6283547257876312
2.60807253582919
2.2434731592842474
3.205720889916209
2.052053209947947
1.305547487656114
2.1986735870818914
1.852813852813853
0.9157010428736964
1.8409617612977984
1.4511343804537522
1.9386682242990654
2.641279069767442
2.9342258440046565
2.4921236872812136
2.3558977338756537
1.8046579330422126
2.937298564312921
1.4703660662405578
1.520244683949898
2.2123427902895583
1.4375181211945491
1.67627365356623
1.3336252189141857
1.7224631396357328
1.8535031847133758
0.9991286668602962
2.2753164556962027
2.1765214883184307
1.99364896073903
1.8705305651672435
1.752458068247542
2.3952614851199074
1.6351857183990786
1.9696794686687842
2.3924233661075767
0.9626758541487224
1.717203682393556
2.3434430964760256
0.8668757126567845
0.8757480763750356
1.7421293646250715
1.5204081632653061
0.5775764439411099
1.233503981797497
0.9312782805429864
0.9113244846088675
1.507377979568672
1.4204127791914052
1.3051086649731867
0.955794842731652
1.24809268154846
0.4785431959345003
0.9714043035107588
2.709358213175007
2.3620446201637955
2.1578350807594218
5.917042889390519
7.501836677027409
7.601301641199774
0.9079059223576084
0.8209841628959276
1.5752413401476433
1.169832719024667
1.6229461756373937
1.6028449502133713
1.9734589041095891
1.3306659045441556
1.845272206303725
2.6405797101449275
2.7642441860465117
1.967930029154519
2.1101373064563247
2.156879929886065
3.01493848857645
2.2137271937445697
2.1125943122460824
1.8253922138291692
1.6923522595596756
2.3884369552585705
1.561011040092969
1.864613596746078
2.0533527696793
1.226211325160537
1.8720186154741127
3.3124270711785297
2.309468147282291
6.463209733487833
3.6224549156486328
3.6825489622917273
1.6928199189345685
2.816598955310505
3.4596018735363
13.503905120046284
2.4577157802964256
2.3241037598367824
3.8307869703084463
2.4910196987253768
1.5594649607444024
1.5807935595169638
1.5701122948459545
1.8960138648180243
2.7172729876826125
5.1290229885057474
4.027937788018433
1.822976054732041
6.858079224850385
7.74221206058874
2.1759522455940874
7.85149359886202
7.294469783352337
1.9163357912648893
6.4886685552407934
6.618600682593857
1.9801924165251839
5.761164499717355
6.74468085106383
1.4549307714043516
5.272368049675416
8.6702519105576
1.6573525261078181
4.256627185561196
3.7185289957567185
1.5426312817617165
4.87401352874859
5.1673261729790845
2.066968070076293
5.314422805532035
6.142291371994342
6.714608009024253
9.57521874117979
10.408924032759108
1.8759185980780102
4.852343308865048
5.200226564712546
2.514730878186969
6.497879558948261
6.524106636415201
1.8225943797899518
6.508089696281578
8.619914651493598
2.58
7.933390508862207
5.465769120595818
2.419724770642202
7.180539609644088
8.64149855907781
2.8756432246998287
6.772285714285714
8.239036973344797
1.9842677345537758
8.971387696709584
5.640562248995984
2.6539782484258727
7.964786716289722
7.222062625682275
2.697740920789248
8.015732265446225
8.698964922369179
1.6799085452986569
9.784977064220184
8.62632635503298
2.428898426323319
7.684602175157413
9.02183908045977
2.185301687160423
9.252860411899313
9.20475372279496
2.2233981693363845
11.172098341909663
9.139994274262811
2.481724728726442
8.529445397369926
6.755078683834049
3.098426323319027
5.7567412507171545
7.5214018960068945
2.210676562946046
6.923913043478261
5.975358166189111
1.748152359295054
7.835748792270532
6.199087278950371
2.6175637393767706
4.986122911356556
5.509090909090909
2.2604638009049776
5.613559322033899
4.918390478889203
2.372211239762779
4.5382228490832155
7.134087694483734
1.880079006772009
4.652946151677474
4.447584063294716
1.5720338983050848
4.230682459108855
5.798076923076923
2.426553672316384
3.4641647855530473
6.588451740730258
7.22112676056338
8.588882618510159
9.09486166007905
2.1822548742582653
3.19802538787024
6.52546689303905
1.4521788341822297
5.43822448402601
5.406746031746032
2.03690036900369
5.6752621139132895
6.429099175902245
1.772039942938659
7.435378031383737
5.935963407661521
2.9696449026345935
7.095442820292347
6.899770246984492
2.4864324478720365
5.0279840091376355
5.181948424068768
2.1685264663805435
6.787532170431799
8.016059650129051
2.5047183299971403
7.552405498281787
6.069747416762342
2.5551743853630646
5.10968294772922
5.992834623101175
2.307122507122507
5.353359908883827
6.951714285714286
2.0051296665716727
6.855431993156544
5.539451114922813
1.9090131203650884
4.504120488775221
7.9050199657729605
2.188389299943085
5.9325938566552905
6.020542082738944
1.5325932251636778
6.3297297297297295
6.271949828962372
2.4197038724373576
4.5703281027104135
5.243714285714286
2.0839260312944523
5.292058070025619
6.622038252926063
1.6947517730496453
5.134429948950652
5.139971550497866
1.539920724801812
4.498868778280543
5.4861032331253545
2.080225988700565
4.083756345177665
4.532559456398641
1.600451467268623
3.5825352112676057
4.843741169821984
1.6039492242595204
5.2053521126760565
6.054627795075007
1.5227080394922425
2.4343291995490417
3.4861503674392313
2.5018366770274088
3.6610217329946373
2.5655250495329747
6.572758037225042
10.83323927765237
7.928531073446328
1.6093971129351825
4.292655367231639
3.404309611567905
1.6277950750070762
2.269002543091269
3.924886621315193
1.6409529211571185
3.63371104815864
3.909297696900768
1.5454545454545454
4.029812606473595
3.98376993166287
1.3599088838268794
3.843243243243243
4.4664189768505285
1.4757171258165294
3.7408458699971616
4.075520091194073
2.0992323002559
4.1597044614947425
4.626248216833096
2.174594132725719
3.9655761024182077
4.443649885583524
2.8821520068317676
3.951268167569108
5.467751141552512
1.960968660968661
3.690401594987183
5.948285714285714
2.1068680535765174
4.313781321184511
5.192571428571428
2.227130236534625
4.784168564920273
4.961439588688946
3.0147937411095307
3.1032423208191124
4.575990875392073
1.1008834425762326
3.131054131054131
5.179142857142857
1.4928774928774928
4.484762176018228
3.76487414187643
2.438836612489307
3.2115603644646926
3.744638261366886
1.8369781312127236
3.6316088686753836
4.220512820512821
1.7412131519274376
2.9954699886749716
4.745738636363637
1.2497168742921858
2.208085948543964
2.25794551645857
1.6074555210392545
2.4231745136735268
2.705400056545095
1.5783234546994074
3.131830985915493
3.924816280384398
1.2200902934537246
2.9588500563697857
4.134745762711864
3.3019774011299434
4.199943518780006
4.144595359366157
6.852029312288614
8.450211565585331
8.916925685221814
0.7609494207403221
2.627926657263752
2.4483441834135298
1.8641381262383243
3.3161910144108506
4.335696058973632
1.837784090909091
3.874290578887628
4.284941645317392
1.9906063193851409
6.161216946261018
5.5115549215406565
1.6455840455840456
4.626920887877064
3.7301541976013706
2.14383366562233
3.816396242527754
4.125035683699686
2.4131054131054133
3.6712250712250714
4.341324200913242
1.7315819531696173
4.07365115615187
5.424034334763949
1.6737082500713674
5.268
6.076460481099656
2.386830102622577
4.093089663049686
5.014016018306636
2.4383561643835616
6.597543558983148
3.8530927835051547
2.5334859759587864
4.700830231892356
4.7269076305220885
2.4140290846877672
4.586157789803475
4.587210962032543
1.7167284126531774
2.7384615384615385
4.189320388349515
1.780188409934342
3.833380965990283
4.982265446224257
2.270045819014891
4.089265212399541
4.787913669064748
1.2960526315789473
4.492670307559644
5.375866050808314
1.8665530948324816
2.8998297389330308
4.967558338076266
1.142331635540464
3.828854314002829
2.931631205673759
1.7555806725063576
1.828676263053909
2.7223322954995752
1.4449463579898363
3.3520451339915374
4.126696832579186
1.3401129943502825
2.052750352609309
3.774257425742574
2.322215941209723
4.513261851015802
4.071024335031126
7.037225042301184
9.249223821620095
7.234246962418762
1.09245122985581
3.2696216826651607
3.745825077837532
1.4529745042492919
3.4599490517973392
3.417753828701078
1.830450808052169
3.788265306122449
5.046319977266269
2.1183010262257698
4.2519954389965795
9.419115549215407
2.321806230351529
5.681753079346892
4.537668289888284
1.618966009711511
6.361793260993718
3.1692879611095224
2.3798803077799944
4.212190259185418
5.592402170808341
2.2561746122917863
4.830750893921335
5.374280782508631
2.401545506582713
4.182728052616528
6.189793577981652
2.603827477863468
5.255860491709548
4.370487106017192
2.3536306460834764
5.153714285714286
7.913728862138148
1.9464490263459335
5.390285714285715
6.141422834193919
2.1932077625570776
3.6812339331619537
6.386070507308684
1.72023979446189
5.3584690088546125
5.556929269695227
1.681350114416476
4.748137535816619
4.167338709677419
2.081690945444159
4.4103369503141066
3.361087267525036
1.9111111111111112
3.250213492741247
5.598629745932058
1.6881384790011351
3.223135809469804
5.499573742540495
1.0701953014435324
3.6728813559322036
3.192514885171534
1.080905233380481
2.6518915866741954
3.855889014722537
1.4561899378179763
2.7466139954853275
3.621889140271493
0.8778625954198473
2.7100141043723553
4.39038189533239
3.0680983328623905
4.253103837471783
3.5175339366515836
7.506204173716864
8.73935119887165
7.1524562394127615
1.3107152954481198
3.54417160598363
3.733239038189533
1.4218130311614732
3.005657708628006
4.5859818388195235
2.143952299829642
4.392167990919409
4.585726471424509
1.7098800685322673
3.568
4.27884340108789
1.5572125035847433
6.2021246052253804
5.100316182811152
2.0632151029748282
6.019159279382328
3.459598853868195
1.9768571428571429
4.996858937749857
6.2104810996563575
4.560263383910678
5.199885123492246
5.833669064748201
1.7567645365572826
4.436567164179104
4.156303972366149
2.5602633839106783
4.687679083094556
7.493975903614458
2.4921045076083836
5.0882437482035066
6.127089337175793
1.9991394148020654
5.8766848293662175
4.816824576514499
2.1287185354691074
3.911739502999143
4.541571100917431
1.9757350842135313
4.4234388366124895
4.725894134477826
1.5348637015781923
3.929919908466819
5.600286532951289
2.022955523672884
3.8423010875787065
5.156294809291655
1.6387225548902196
4.647393904870407
5.09096109839817
1.3830210107893242
3.695664494190989
3.4803754266211606
2.009060022650057
2.9349731410800115
4.211407491486947
1.7926449787835927
3.4212309429700736
3.782657976763956
2.0268285794973173
1.9531866892272984
3.9516129032258065
0.7432852700028273
2.5080394922425953
3.530577576443941
2.565856416054268
2.685577194467965
4.728070175438597
6.868265162200282
9.351114874400226
7.303621958121109
1.5183719615602036
2.300141043723554
2.853099348995188
1.1688863700765089
5.0251910557599775
3.0610275333522567
2.2194152710757877
4.957495041088127
5.495162208309619
1.9203084832904884
3.697289586305278
5.240057224606581
1.81651376146789
3.8182078442599483
5.112227324913892
1.7927490722238082
3.682843277190979
5.234200743494424
1.8494285714285714
4.764202112475021
5.2038946162657505
2.710895052902488
5.3865065751858205
3.628440366972477
2.0864338866628507
5.23012912482066
4.299108426804716
2.339060710194731
4.052480642386005
3.6477337923121054
1.8053883634279162
4.583452619524764
4.564830751577739
1.5735546651402403
4.380325993708893
5.21438807681284
1.8256013745704467
3.6850371216447746
4.348224513172966
1.6298830909609352
4.011684240524366
5.070020005715919
1.8497142857142856
5.389951470168427
4.611906124785346
2.482030804335425
5.075014261266401
3.849585358879039
1.8331435079726652
4.202106461713635
4.881496287835523
1.8821357568872479
3.059290780141844
4.3564525298465036
1.5335979586050468
3.6296715741789356
3.816633550950894
1.2497171945701357
2.8997458345100253
2.3402207755448625
1.140192198982476
2.8053596614950633
3.4732824427480917
1.1293785310734463
3.102932882120699
3.704352741661956
2.0432447710570942
3.6889641546711824
3.7412963487121424
7.5008465011286685
9.005364201016375
9.611864406779661
1.3246606334841629
3.325994919559695
2.39417091114884
0.8836353340883352
3.2849872773536894
5.4119648426424725
2.084019301731479
3.168415083640488
3.155858930602958
1.320754716981132
4.37835522558538
2.9701920321008886
2.060579959804766
4.841712151680552
5.384903486027081
2.127464989997142
6.268857142857143
5.2483510180671065
2.8969957081545066
4.0533675799086755
4.54350314825415
2.1544855259386644
5.249570200573066
4.553545793855871
2.668198793450158
3.2477037887485647
5.7677902621722845
1.928591912819042
5.547748781187267
4.837449741527857
2.0214653692043503
5.399026067029505
5.397991391678623
2.018348623853211
5.054998567745631
4.432797242963814
2.2071530758226037
5.022025171624714
3.8258378688055
2.1257861635220126
4.959771754636234
4.75186033199771
1.956634118322803
4.071653768988249
6.036227717078781
2.5504297994269343
3.8894601542416454
4.734383954154728
1.4069004847447961
3.566998577524893
4.206670467502851
1.2012507106310404
2.161985815602837
3.7431009957325747
1.2892725728842345
4.3607577042691545
2.504251700680272
0.9442715700141443
1.847543760587239
3.3248443689869838
1.5387224420576597
2.082369534555712
3.0851003675431157
1.1287771815871224
2.146602762898224
3.0265761945151257
2.2635001413627367
2.885407846457804
3.5141562853907136
6.485883681535856
8.898051397910194
8.518518518518519
1.2593325791855203
3.634952004517222
3.961505802434192
1.7064662507090187
4.040475516558166
4.078342321884757
1.500142005112184
4.337585034013605
4.661547212741752
1.7366020524515393
3.840261958997722
4.409714285714286
1.6793587174348696
5.460680583357163
3.9126575028636883
2.2158993422933944
5.3478260869565215
5.251289398280802
1.6701030927835052
5.325028636884307
6.107091587711743
1.9606547960941987
4.172701149425287
4.825259515570934
1.8420448018380242
5.231476163124641
5.807083213360207
2.259598853868195
5.350114416475972
4.453945480631277
2.526887871853547
4.938215102974828
5.844501718213058
2.3692922374429224
4.4312214611872145
6.050128902893154
1.6156705747783815
5.487860611253928
4.278462862059077
1.775021385799829
4.738027366020525
4.024864246927693
1.3954882924043404
4.337706788362807
3.7320354995705696
1.4860319270239453
4.518360375747225
4.717670568084499
2.1708914839077185
3.2130076682760578
3.163480741797432
1.6908678389109473
2.95810925559015
2.855763770584895
1.3413461538461537
3.0296359017781542
3.784824462061155
1.2225988700564971
2.9486600846262343
3.6330223353124116
1.0050876201243641
2.8193857424626656
3.5280294450736127
1.0680983328623905
2.6878172588832485
2.5644431882419445
2.3146576117713638
17.73220338983051
3.052944507361268
6.96163610719323
9.225169300225733
9.543066930245693
1.0735502121640736
1.7677309974569086
3.318413597733711
1.5892351274787535
2.3877262443438916
3.2645307626878366
2.032926483110985
3.574992911823079
2.746518897414038
1.5589656152315998
2.4855113636363635
3.4038735403019085
1.3919726729291204
2.5639204545454546
2.856980056980057
1.6507394766780432
2.8223105307976155
3.8231273141555113
1.629302987197724
3.6446844798180784
2.6584878744650497
2.0707358813462635
3.422945205479452
3.3608247422680413
1.2974285714285714
3.826620965438446
3.6566523605150216
1.6802857142857144
3.204623287671233
4.803489702517163
1.9817247287264421
3.0618938961779807
4.059227467811159
2.236503856041131
2.640228245363766
3.207547169811321
1.507845934379458
4.887496439760752
2.6803770351328193
1.5057012542759407
4.810310452862432
3.869353916523728
2.0702054794520546
4.682829435253851
2.94346087949743
1.5542580461407007
4.399487471526196
3.781901227519269
1.483072546230441
3.659937446687518
3.100854700854701
1.2526942711287579
3.1646358741853216
3.674900624645088
0.7297679683078664
2.040429742719819
2.0651558073654392
1.0460712266817411
2.129833474456675
2.8258411082838566
1.2313559322033898
2.0944460107132787
2.894543398360192
1.3565979090138458
1.48858190019735
2.486578129415089
2.24399208368674
2.8862224731789947
3.205940594059406
6.904144347335777
8.860366713681241
8.690462753950339
1.1767533936651584
2.494772534614298
2.5746247521948455
1.3246385029770342
2.57486555335409
4.292932160090832
1.2925652667423382
2.5639353558264815
3.1997726626882637
1.8130521516101454
4.0948717948717945
2.6181091116823763
1.9595326303790253
2.757118451025057
3.515549215406562
1.7600227466590845
3.3075611142694714
3.429589509692132
1.134073441502989
2.7684869169510806
3.5760683760683762
1.4605300655457396
3.670846394984326
5.529982866933181
1.7603305785123966
3.8973481608212146
4.318948270934553
0.9748930099857347
2.766533637400228
3.5027166142407777
2.041107622038253
2.559965733866362
3.7681532304173815
2.339326484018265
2.8105714285714285
3.952816700028596
1.6074580130942215
3.5606146841206603
3.8313837375178315
1.5877168040943985
2.647979510529311
3.8376068376068377
1.9951553149045311
3.8218358038768527
3.6505714285714284
2.529059829059829
3.6280262033608657
4.284736091298146
1.0461669991450555
4.506253553155202
3.776225769669327
1.5104934770277936
2.931953501559399
3.737574552683897
1.23351259552788
2.6203677510608205
3.9237312163311597
1.0053763440860215
2.34180790960452
3.6966864910790145
0.6936122102882984
2.40964195094446
2.680995475113122
0.7427843803056027
1.2727272727272727
1.856819468024901
2.4971735443753533
2.834367945823928
2.4335782928208025
7.135648560403681
9.033314511575382
6.752609308885755
1.4063294716021475
2.7928309342365227
2.6365694876875176
2.3403111739745404
3.559796437659033
4.0469208211143695
1.9537457434733259
2.719183904788892
4.287865870986075
1.7956682815616984
3.019378740381875
3.7046558126249645
1.6917572982255296
4.58466819221968
3.6332855093256815
1.638865004299226
3.194508009153318
6.203326641812446
0.9435736677115988
4.4047822374039285
4.0522857142857145
1.7711840228245364
4.112442922374429
3.3889047755218757
2.4510699001426532
3.1397604107244725
5.422031473533619
1.8126069594980034
3.1847733105218134
4.156705747783815
2.1739502999143103
3.2528571428571427
3.45220377790498
1.3681051729065448
3.4652956298200515
5.430985108820161
2.1995996568487275
4.861547245218384
5.550716332378223
1.5684990031330106
3.424268258027849
3.8018814139110604
1.7633979475484607
3.6663817663817664
3.6256439610761304
2.5370792926411867
2.8786324786324786
3.6409597257926305
1.2474402730375427
2.437659755751207
3.656882302650328
1.2599318955732122
2.7376027203173705
2.911597498578738
0.9062853907134768
1.5608031674208145
3.0820090805902383
1.331166996326646
2.4263959390862944
2.8036219581211093
0.8574654247812589
2.0972652946151675
2.2680441551089725
1.300395256916996
1.8186177715091678
2.7383309759547383
2.030799660921164
2.7076749435665914
4.072156196943973
6.494363021420519
8.338409475465314
7.419373058458063
1.3612446958981612
2.323728813559322
2.8404195011337867
1.1833616298811545
2.8033898305084746
1.784013605442177
1.426299346776484
1.9639818491208167
2.0703302961275627
1.6497432972047918
3.504699515807462
2.3265714285714285
1.7428407789232532
3.4524421593830334
3.9126575028636883
2.3207063514668187
3.06748291571754
3.0485298315729374
2.6936449130806497
2.1505835468260748
3.881210736721873
1.3706453455168475
2.7360319270239453
3.5883867276887873
2.398623458560367
2.953022056717273
4.005172413793104
1.2632781267846944
3.0288242009132422
4.41036655211913
1.6180416785612333
4.009705966314588
4.282894736842105
1.611397479954181
3.398457583547558
4.959288990825688
1.7031963470319635
3.2609811751283515
3.074328187535735
1.2558672009158558
2.7946530147895334
4.1139023693976595
1.825401376146789
2.1818960593946315
4.222698684962836
1.6878744650499287
2.8816989737742302
2.8443490701001433
1.3468981217985203
2.826222980659841
2.6554478037649742
1.328607882052736
2.6446772366930915
2.3193062268979245
1.7679886685552408
2.107213578500707
3.094264622373651
1.5228813559322034
1.9297602256699578
2.0770101925254814
0.6875706214689266
2.367352692416126
2.678186968838527
1.0409604519774012
1.9275239706711789
2.943705799151344
2.0260107435679955
2.2297488004515946
2.288788221970555
6.318207440811725
7.1486600846262345
7.96188594014681
0.9768296128849958
2.3171557562076748
2.2449037372593432
1.6397392290249433
1.5856212850268894
2.1905167518455424
1.3391082078954843
2.834089619965967
3.2349928876244665
1.921451013996001
2.7694944301628106
4.165042979942694
1.6479518762532226
3.6676209561981103
3.1056257175660162
1.5640513552068473
2.6125356125356127
3.518020594965675
1.4553495007132669
3.335993160444571
4.285305889079474
1.992
4.637453611190408
3.0031536697247705
2.2304832713754648
4.076
3.396675265118945
1.9301859799713876
1.8008559201141228
4.346991404011462
1.97454233409611
3.5481566161760503
4.231077981651376
1.4176672384219553
2.7026872498570613
2.8145600458584124
1.948586118251928
3.341038812785388
3.5776379754074923
1.317080125463359
3.39510389980074
3.6869465866895172
1.8581641406920217
3.9800399201596806
3.564432989690722
2.078744650499287
2.404273504273504
3.1467811158798282
1.42674253200569
1.2026143790849673
4.4132420091324205
1.1929625425652668
1.7847025495750708
3.3642308785897073
1.261608154020385
1.6423522759400622
2.9100454029511917
0.7323346523459582
2.259802538787024
2.5300113250283127
0.8911814584511023
2.2524682651622
2.815297450424929
1.1355932203389831
2.100423131170663
1.6082649306538352
2.550310910118711
3.065198983911939
3.5757575757575757
6.905016910935738
8.31339915373766
7.570863918690006
0.9253815715093273
1.8439616252821671
2.778470254957507
1.1595352791158968
1.7591178965224767
2.483971631205674
1.583404376243251
2.070130607609313
2.7341122827016244
1.6085836909871245
3.4034285714285715
3.815154994259472
1.6863139735480162
3.5387708213670304
4.040034562211981
1.8439108061749572
2.747359406223237
4.105217889908257
1.538
2.1850371216447746
3.7039473684210527
1.8321397880263535
3.1351660939289805
3.4546237794371053
1.2585910652920962
3.0014289797084883
3.9475193576139946
1.8839336763865067
2.733562035448828
3.7845668387837064
1.8314735336194563
4.008581235697941
3.007751937984496
1.5512306811677161
3.013157894736842
3.657561817136285
1.9233628824706892
3.2822857142857145
3.116652335912869
1.1531660011409013
2.287710293698318
4.605617655488679
1.0650057273768614
3.2617276887871856
4.0841954022988505
1.243791036254639
2.556158902543584
3.67774276711544
0.9094533029612756
2.225852272727273
1.9731811697574893
0.9628474191718661
1.9898074745186862
2.717249218527991
0.809915014164306
2.3164592760180995
1.9480261289406418
1.1192764273600904
1.139429861699125
1.9427924100821297
1.166290231507623
2.0763810597519727
3.6333522083805208
0.7836769274216323
1.2628909551986476
2.419920769666101
1.838135593220339
2.8239277652370203
1.881188118811881
6.576825486326473
7.66243654822335
7.390457368718239
0.8715700141442716
1.793502824858757
1.5701331822045905
1.2951005380911922
2.028272547356517
2.614468085106383
2.51179312304632
2.5086524822695035
3.0159407913464276
2.211905440045571
2.2787118837275577
3.313893653516295
1.5889429962761386
2.397883295194508
4.027865555874748
2.0646083476272157
2.757497857754927
2.531823394495413
2.4440949385187305
3.337239211203201
3.2154331612162936
1.7829568201315413
2.6934745277618775
3.704225352112676
2.3135181480422977
3.363064608347627
2.9484240687679084
1.445301342473579
3.164289788933257
3.80865081638499
1.0823361823361823
2.1937321937321936
2.8123569794050343
1.2085470085470085
3.4107244723331434
3.45301342473579
1.2070635146681856
2.8989179954441915
3.1736150770988005
1.927065527065527
2.719203413940256
2.859834427633457
1.3652694610778444
3.357448020506978
3.6388332856734342
1.3693359931604445
2.708914839077186
2.403483723586522
1.6805002842524162
2.2777619994319798
2.660210766163486
1.1906515580736543
1.9539027149321266
2.9795512638454986
1.2661951909476663
2.259039548022599
2.7840136054421767
0.7974576271186441
2.629232505643341
1.8946772366930917
1.0384072295961593
2.020580772483789
2.6502546689303905
0.7557942340305257
1.4534686971235196
1.0424448217317488
1.688807235726399
2.799661399548533
1.345413363533409
7.547813822284908
7.937641083521445
7.70225988700565
0.9144475920679886
1.1150692677410234
2.8689733408961997
1.1557632398753894
0.991518235793045
2.0828133862733975
1.1903409090909092
1.935355826481429
2.0372900654711072
1.3326693227091633
2.043737574552684
3.8196067255628385
1.1407006550840217
2.2759306621199205
3.7320970042796007
1.563264145578618
3.097955706984668
2.6114595210946407
1.9367160775370582
2.6427350427350427
2.4172147555047183
1.464234824736392
2.3603988603988606
3.167380748357612
1.602509267179926
2.819709484477357
3.821459227467811
1.7609005414648047
2.69649472784269
2.4220760651987416
0.8260621613915027
2.1544599601025936
3.058066361556064
2.067047075606277
4.580102622576967
3.0002857959416978
1.1735537190082646
2.4638382687927107
1.9174285714285715
1.8424950156650526
2.449002849002849
3.4175949728648956
1.3366562232982055
4.563496583143508
3.795772636389603
1.1481059527200228
3.4081342434584756
2.448315248429469
1.5469283276450512
2.756741413567982
3.2696693272519957
1.0539007092198582
2.084371460928652
2.3541607497869923
0.6015271493212669
1.9206662902315077
2.0257936507936507
1.3387051173310716
2.4535966149506345
1.6857304643261608
1.0889328063241106
1.7651536509726529
2.8014144271570016
0.5514124293785311
1.428490832157969
2.1205432937181663
1.5113058224985867
2.5919231855408076
2.734295415959253
6.924421883812747
8.342929720575784
7.004515946937624
1.0647990945104697
1.950578932504942
1.8397508493771235
1.2834890965732086
2.0328054298642533
2.4781622234827
1.3953488372093024
2.2110481586402266
2.531267765776009
2.2353946993445426
2.973272675575775
3.2412218098772483
2.2432972047917854
2.363817663817664
2.7039154044012577
1.1088009114212476
2.5518223234624147
2.4860079954311822
1.2568337129840548
1.9285917496443812
2.9632269099201825
1.366933181039406
4.137271689497717
3.6841201716738197
1.4019411932629176
3.299315849486887
2.205604804117815
1.716324200913242
2.9102308349957253
2.662564396107613
1.7358813462635483
2.856612396458155
3.335243553008596
1.4149971379507726
2.7965182648401825
4.2011461318051575
1.8265451438336657
2.93878132118451
3.801086024578451
1.4428002276607854
2.9945945945945946
2.5733029092983455
1.8818155866400228
3.950857142857143
2.6822215860292014
1.0262257696693273
3.2295409181636727
3.424164524421594
1.240398293029872
2.042922114837976
2.644526795895097
1.220834516037468
2.8586001700198356
3.119988626670458
0.9340130274709714
1.4028837998303647
2.564946114577425
0.7611644997173544
1.8473906911142455
1.7735635437305406
0.8412877718158712
1.7005920496193967
1.471836965751486
0.4285310734463277
1.565867418899859
1.3981900452488687
1.4164546225614927
2.8551256707144876
3.5400509482026608
7.646245059288537
7.32316384180791
7.318926553672316
1.2894736842105263
1.3269339356295877
2.1107962595636156
1.383743981874823
1.9132032796154934
3.205498866213152
1.3943781942078364
1.5521246458923512
2.1600796133067957
1.7714041095890412
2.2123717217787915
2.9234504427306485
2.0085836909871246
2.86106346483705
4.359209395588657
1.2609316947699343
3.5542580461407005
3.120960823563054
1.8508997429305913
2.848458904109589
3.515602633839107
2.4311034877072615
3.4527007716490425
4.0
1.4209322276236775
3.721269296740995
3.7437661220980223
1.664095972579263
1.2884890031419594
2.583452619524764
1.2891807022552098
2.475171232876712
3.097854077253219
1.9777270131353513
2.220097059663146
2.7199312714776633
2.3565515272623467
2.9001711351968056
2.606182026330853
1.6027944111776447
2.5656882302650326
2.7353529579879967
1.957355466514024
3.2066304658473848
2.9069034660555713
1.8235797887524978
2.756996002284409
4.503296073373459
1.3582598805800399
2.0161931818181817
1.9088578752492167
1.3255879852649475
0.8001698273422021
3.069602272727273
1.1112054329371817
2.2002259248799776
0.8001134108307343
0.9081920903954802
1.7609247251198195
5.6735502121640735
1.5304912478825523
0.7566271855611957
1.7889674681753889
0.9604631460039537
1.4078354002254791
2.328054298642534
1.1014410850522747
3.109229466553768
2.953297480894424
7.140276601749929
7.783738001129305
9.335122916077989
0.6864574498162285
1.6990400903444383
1.3805209513023782
0.8345140266364409
2.044375353306953
2.0425531914893615
1.4920454545454545
2.2705615428247308
2.4880546075085324
2.251284980011422
2.391949757350842
2.3396280400572245
1.7621916236374067
2.3841306215983957
3.1987363584147044
1.7122857142857142
2.0847602739726026
2.8013169195533925
1.2374429223744292
2.0365505425471158
3.1814804229779936
1.7798112668001145
3.1630962582119393
2.512181140728002
1.4984272233342866
3.2539364443172056
1.752006880733945
3.1215944938342415
2.2625538020086085
2.9836112708453135
2.1366370667430536
2.3291284403669725
2.543758967001435
2.4018905757662563
2.0403087478559176
4.3803663423010875
1.4657534246575343
2.2359486447931527
1.2639405204460967
1.5209461385009975
1.687268584448875
2.6332762557077625
1.4710248358549813
2.5130484657298537
2.8530085959885385
1.4543110856488113
3.201374964193641
2.8665521191294387
1.3064011379800853
2.6965301478953356
2.548773531089561
1.9804421768707483
2.6117247238742567
2.1950596252129473
1.1115831209289153
1.3411531938948558
2.263888888888889
0.7239819004524887
1.3286278938452851
2.4524617996604414
0.9389830508474576
2.105188945290468
2.623372948500283
0.49165959852982755
1.0191873589164786
1.1847241867043847
1.3175904977375565
3.0070641424131113
2.6154064004531294
6.499858956276445
7.683408577878104
8.037538808918995
1.0882602545968882
1.2383507483761649
1.2507082152974505
1.618413597733711
1.611881188118812
2.408111174134997
1.3852272727272728
1.8524404086265607
2.3740392826643895
1.2283261802575107
3.0228375677990296
2.4575931232091692
1.092783505154639
2.1341358555460017
3.004878048780488
1.8948571428571428
2.7554921540656205
1.7772688233610077
2.56391192450672
2.431753283837807
2.980829756795422
2.1876967095851216
2.7022857142857144
3.090180360721443
2.089398280802292
3.0810423825887745
2.4479885057471265
1.2151029748283753
3.3176740189057576
2.948938611589214
1.5506003430531732
4.066685746994849
2.2875179340028695
1.144861150873175
5.7764402407566635
3.160458452722063
1.25557461406518
4.316376107459274
2.946494992846924
1.1754135767256133
2.1396011396011394
3.8227558604917093
1.6431226765799256
2.7172670097198397
1.8977370380979661
1.1106674272675414
2.4773051669997144
3.1970823798627004
1.672541216600341
1.8192668371696505
2.009968669894617
0.9143019296254257
1.3282356273010478
2.286687482259438
0.902010761823846
1.4838800904977376
2.3419336546640204
1.097002262443439
1.6996895286480385
1.8768751769034815
1.3680045223289994
2.2277088036117383
2.1539767902632323
0.9697569248162804
0.3748942172073343
0.9886845827439887
1.2217821782178218
2.0703588584345862
2.4416761041902606
8.131920903954802
6.63076053152389
6.824611032531824
1.0161381653454133
1.2882170104549309
0.7622555964862567
0.9396429583451402
0.6898501554990104
1.9846808510638299
1.022184300341297
1.2279954571266325
1.799259681093394
1.7349742415569547
1.264722698684963
1.3622024663034127
1.5040160642570282
1.979416809605489
2.577707555300201
1.0578842315369261
2.105473204104903
2.4024599542334095
0.846988295746503
1.8677685950413223
1.341045415595544
1.6511894525652049
1.856733524355301
3.074510932105869
2.005167958656331
2.0871809578434184
1.4049467932125395
1.7672955974842768
2.37310443490701
1.558206381144007
2.1604017216642757
16.251224430999713
1.393956834532374
1.5275071633237822
1.3811158798283263
1.8412743972445464
1.164332666476136
0.7183219178082192
1.3270278016623673
14.18666278392545
1.6158014831717056
1.3081545064377682
4.01719690455718
2.2595354172641238
1.9951121334100057
1.0955504848830575
0.9053861499002565
1.2358166189111748
0.8776671408250356
1.3722648479681727
1.2820878494010268
0.9730496453900709
0.8053824362606232
1.8272727272727274
1.1732238890461364
0.663839411931015
0.6024950382761554
0.40655923098671193
0.32740615297770254
1.3877724313614492
0.3399321266968326
0.7679277244494636
1.0801926891470672
0.30686634642554395
0.23489553924336534
0.6015846066779853
1.3540073633531577
1.9468325791855203
1.528194956078209
6.941043723554301
7.675698560541914
6.337757695566224
0.848939179632249
0.5562146892655367
0.21422499291584018
0.9628579529345053
0.42310960067969416
0.9977285633162976
0.7147727272727272
0.5482406356413166
0.7805919180421172
0.9447450868698376
0.746727376209448
1.0445332572081074
0.9988581216100485
0.7315263908701855
1.2220314735336195
1.0945599544289377
0.5787827076222981
0.4730231230373965
0.814994298745724
1.5510959294050668
1.5908571428571427
1.2996575342465753
1.8043354249857386
1.3974248927038626
1.1483594864479316
1.0327542010823128
1.9238476953907815
0.6895667046750285
1.4723646723646724
1.1075822603719598
1.055872291904219
0.3178581600683566
1.4225714285714286
1.0775370581527937
0.735494880546075
1.3884768967484313
0.5771964742678419
0.7942012507106311
0.8084378563283923
0.5767150583546826
1.3625
1.2152837182777303
1.106522358302478
1.1496869664200342
0.9269823160296634
1.1027319294251565
0.709494030699261
1.6998006266021077
0.8745031232254401
0.10275333522565995
1.367103016505407
0.7802665154522257
0.4240022643645627
0.6683702441794435
0.4968891402714932
0.3657158994634284
0.5562163693004815
0.2973431317128321
0.5465575620767494
0.7297679683078664
0.40644431882419446
0.757968970380818
0.9864214992927864
0.4652345958168457
0.48306997742663654
0.5796322489391796
0.8847678369195923
2.0579587220808593
2.2523364485981308
6.722425952045134
7.259175607001694
8.074858757062147
0.33824362606232294
0.39292786421499293
0.9926220204313281
0.7346938775510204
0.8380520951302378
1.1147401306447031
0.3610559182514902
0.8341366600510349
0.6804094398635201
1.0241477272727273
1.9001135073779796
1.0031303357996586
0.8313458262350937
0.4845390070921986
0.9061166429587483
0.5709823963657014
0.7822512049900765
0.7892491467576792
0.7632177373507675
1.077206925915413
1.1156695156695158
0.6757679180887372
0.8065890372053394
3.812873825121048
1.2265224815025613
0.6
0.8718972895863053
1.2641616851693709
1.2668563300142248
0.5129740518962076
0.6667616063799487
1.3190096755833807
1.115296803652968
1.3222317107884998
0.5344141069397043
0.6607703281027104
0.908651109846329
1.1922092692635768
1.0347578347578348
0.7680705748434832
1.2114236999147485
1.1608212147134302
0.6706518645032735
1.4408418657565416
1.8129988597491449
0.9277177006260672
1.2501421262080727
1.6115702479338843
0.5803698435277382
1.0235728486225504
1.32583309598405
0.588718820861678
0.8924731182795699
0.9332765474162408
0.8397962071893574
0.1621011013837899
0.5335789175403797
0.7790336253178864
0.5931151241534989
0.9782116581777023
0.361503674392312
0.5907423087778718
1.0512457531143828
0.6245405711054566
0.5067758328627894
0.7175205208038494
2.1589235127478754
2.4941975658080953
1.3550765740215542
6.242099322799097
7.829426715617057
6.657433578292821
0.7577903682719547
0.5813295615275813
0.3557446808510638
0.9906409529211572
0.43872063402207756
0.22294802612894063
0.45
0.9058690104905018
0.8500711237553343
1.1112692088787706
0.7263427109974424
0.7204331718438302
1.1646723646723647
0.3641273450824332
1.3606276747503567
0.7961910176236499
0.6636389440817485
1.2755479647025334
0.7148960410139561
1.3829302987197725
1.1743223965763196
1.136869118905047
1.7143673236218224
0.9024041213508872
1.7314497716894977
0.5265108323831242
1.6088698140200286
0.8604053668284328
1.0
1.5021471514457487
1.004278379920137
1.6345221112696149
1.47698026880183
1.0599315068493151
0.7573424579412603
1.0411781527023163
1.4461231470923603
1.332004555808656
1.7147756501857674
1.002849002849003
1.8910384068278805
1.284654877353109
0.8323336189660097
0.5814550641940086
0.7827704636519748
1.6014823261117446
1.1976082004555808
2.1022564981433876
0.4985771200910643
1.2371339209553598
1.641654778887304
0.30190286850326614
0.9838389566203573
0.7811256395679363
0.588218634947607
0.32786885245901637
1.0116279069767442
0.3914520237758279
0.23587570621468926
0.6913055791560464
0.3555869872701556
0.9212309429700734
0.6991501416430594
0.39722929035906135
0.41857183178097657
0.2974808944240023
1.4794791961505802
2.326080813789206
1.4396942242355606
6.184871577758961
6.940146809712027
7.433775769556623
0.3903061224489796
0.4844368986983588
0.6334751773049645
0.5907543959160522
0.4185783064287737
1.1737155833096793
0.8631578947368421
0.9318762418393415
1.8142979208202792
0.9725714285714285
0.9628995433789954
1.446321213856284
1.185608223872073
1.618830242510699
1.228195596225336
1.7131849315068493
1.3683760683760684
1.2820805944555587
0.8010276905509564
1.463317156722809
1.9507586601774978
1.498997995991984
2.6876430205949657
1.822871883061049
1.3035253654342218
1.861397479954181
1.4751793400286943
1.1625107480653483
1.1778859925522773
1.0375681101233152
