3.3117443868739205
1.2846883079574836
1.7418161115855395
0.8906205724001134
1.3063649222065064
0.8705483323911815
0.8255090497737556
2.7877758913412563
6.281117696867062
1.653541076487252
1.1937039137833239
1.7565639269406392
1.8301449275362318
1.6283547257876312
3.205720889916209
2.1986735870818914
1.8409617612977984
2.641279069767442
2.3558977338756537
1.4703660662405578
1.4375181211945491
1.7224631396357328
2.2753164556962027
1.8705305651672435
1.6351857183990786
0.9626758541487224
0.8668757126567845
1.5204081632653061
0.9312782805429864
1.4204127791914052
1.24809268154846
2.709358213175007
5.917042889390519
0.9079059223576084
1.169832719024667
1.9734589041095891
2.6405797101449275
2.1101373064563247
2.2137271937445697
1.6923522595596756
1.864613596746078
1.8720186154741127
6.463209733487833
1.6928199189345685
13.503905120046284
3.8307869703084463
1.5807935595169638
2.7172729876826125
1.822976054732041
2.1759522455940874
1.9163357912648893
1.9801924165251839
1.4549307714043516
1.6573525261078181
1.5426312817617165
2.066968070076293
6.714608009024253
1.8759185980780102
2.514730878186969
1.8225943797899518
2.58
2.419724770642202
2.8756432246998287
1.9842677345537758
2.6539782484258727
2.697740920789248
1.6799085452986569
2.428898426323319
2.185301687160423
2.2233981693363845
2.481724728726442
3.098426323319027
2.210676562946046
1.748152359295054
2.6175637393767706
2.2604638009049776
2.372211239762779
1.880079006772009
1.5720338983050848
2.426553672316384
7.22112676056338
2.1822548742582653
1.4521788341822297
2.03690036900369
1.772039942938659
2.9696449026345935
2.4864324478720365
2.1685264663805435
2.5047183299971403
2.5551743853630646
2.307122507122507
2.0051296665716727
1.9090131203650884
2.188389299943085
1.5325932251636778
2.4197038724373576
2.0839260312944523
1.6947517730496453
1.539920724801812
2.080225988700565
1.600451467268623
1.6039492242595204
1.5227080394922425
2.5018366770274088
6.572758037225042
1.6093971129351825
1.6277950750070762
1.6409529211571185
1.5454545454545454
1.3599088838268794
1.4757171258165294
2.0992323002559
2.174594132725719
2.8821520068317676
1.960968660968661
2.1068680535765174
2.227130236534625
3.0147937411095307
1.1008834425762326
1.4928774928774928
2.438836612489307
1.8369781312127236
1.7412131519274376
1.2497168742921858
1.6074555210392545
1.5783234546994074
1.2200902934537246
3.3019774011299434
6.852029312288614
0.7609494207403221
1.8641381262383243
1.837784090909091
1.9906063193851409
1.6455840455840456
2.14383366562233
2.4131054131054133
1.7315819531696173
1.6737082500713674
2.386830102622577
2.4383561643835616
2.5334859759587864
2.4140290846877672
1.7167284126531774
1.780188409934342
2.270045819014891
1.2960526315789473
1.8665530948324816
1.142331635540464
1.7555806725063576
1.4449463579898363
1.3401129943502825
2.322215941209723
7.037225042301184
1.09245122985581
1.4529745042492919
1.830450808052169
2.1183010262257698
2.321806230351529
1.618966009711511
2.3798803077799944
2.2561746122917863
2.401545506582713
2.603827477863468
2.3536306460834764
1.9464490263459335
2.1932077625570776
1.72023979446189
1.681350114416476
2.081690945444159
1.9111111111111112
1.6881384790011351
1.0701953014435324
1.080905233380481
1.4561899378179763
0.8778625954198473
3.0680983328623905
7.506204173716864
1.3107152954481198
1.4218130311614732
2.143952299829642
1.7098800685322673
1.5572125035847433
2.0632151029748282
1.9768571428571429
4.560263383910678
1.7567645365572826
2.5602633839106783
2.4921045076083836
1.9991394148020654
2.1287185354691074
1.9757350842135313
1.5348637015781923
2.022955523672884
1.6387225548902196
1.3830210107893242
2.009060022650057
1.7926449787835927
2.0268285794973173
0.7432852700028273
2.565856416054268
6.868265162200282
1.5183719615602036
1.1688863700765089
2.2194152710757877
1.9203084832904884
1.81651376146789
1.7927490722238082
1.8494285714285714
2.710895052902488
2.0864338866628507
2.339060710194731
1.8053883634279162
1.5735546651402403
1.8256013745704467
1.6298830909609352
1.8497142857142856
2.482030804335425
1.8331435079726652
1.8821357568872479
1.5335979586050468
1.2497171945701357
1.140192198982476
1.1293785310734463
2.0432447710570942
7.5008465011286685
1.3246606334841629
0.8836353340883352
2.084019301731479
1.320754716981132
2.060579959804766
2.127464989997142
2.8969957081545066
2.1544855259386644
2.668198793450158
1.928591912819042
2.0214653692043503
2.018348623853211
2.2071530758226037
2.1257861635220126
1.956634118322803
2.5504297994269343
1.4069004847447961
1.2012507106310404
1.2892725728842345
0.9442715700141443
1.5387224420576597
1.1287771815871224
2.2635001413627367
6.485883681535856
1.2593325791855203
1.7064662507090187
1.500142005112184
1.7366020524515393
1.6793587174348696
2.2158993422933944
1.6701030927835052
1.9606547960941987
1.8420448018380242
2.259598853868195
2.526887871853547
2.3692922374429224
1.6156705747783815
1.775021385799829
1.3954882924043404
1.4860319270239453
2.1708914839077185
1.6908678389109473
1.3413461538461537
1.2225988700564971
1.0050876201243641
1.0680983328623905
2.3146576117713638
6.96163610719323
1.0735502121640736
1.5892351274787535
2.032926483110985
1.5589656152315998
1.3919726729291204
1.6507394766780432
1.629302987197724
2.0707358813462635
1.2974285714285714
1.6802857142857144
1.9817247287264421
2.236503856041131
1.507845934379458
1.5057012542759407
2.0702054794520546
1.5542580461407007
1.483072546230441
1.2526942711287579
0.7297679683078664
1.0460712266817411
1.2313559322033898
1.3565979090138458
2.24399208368674
6.904144347335777
1.1767533936651584
1.3246385029770342
1.2925652667423382
1.8130521516101454
1.9595326303790253
1.7600227466590845
1.134073441502989
1.4605300655457396
1.7603305785123966
0.9748930099857347
2.041107622038253
2.339326484018265
1.6074580130942215
1.5877168040943985
1.9951553149045311
2.529059829059829
1.0461669991450555
1.5104934770277936
1.23351259552788
1.0053763440860215
0.6936122102882984
0.7427843803056027
2.4971735443753533
7.135648560403681
1.4063294716021475
2.3403111739745404
1.9537457434733259
1.7956682815616984
1.6917572982255296
1.638865004299226
0.9435736677115988
1.7711840228245364
2.4510699001426532
1.8126069594980034
2.1739502999143103
1.3681051729065448
2.1995996568487275
1.5684990031330106
1.7633979475484607
2.5370792926411867
1.2474402730375427
1.2599318955732122
0.9062853907134768
1.331166996326646
0.8574654247812589
1.300395256916996
2.030799660921164
6.494363021420519
1.3612446958981612
1.1833616298811545
1.426299346776484
1.6497432972047918
1.7428407789232532
2.3207063514668187
2.6936449130806497
1.3706453455168475
2.398623458560367
1.2632781267846944
1.6180416785612333
1.611397479954181
1.7031963470319635
1.2558672009158558
1.825401376146789
1.6878744650499287
1.3468981217985203
1.328607882052736
1.7679886685552408
1.5228813559322034
0.6875706214689266
1.0409604519774012
2.0260107435679955
6.318207440811725
0.9768296128849958
1.6397392290249433
1.3391082078954843
1.921451013996001
1.6479518762532226
1.5640513552068473
1.4553495007132669
1.992
2.2304832713754648
1.9301859799713876
1.97454233409611
1.4176672384219553
1.948586118251928
1.317080125463359
1.8581641406920217
2.078744650499287
1.42674253200569
1.1929625425652668
1.261608154020385
0.7323346523459582
0.8911814584511023
1.1355932203389831
2.550310910118711
6.905016910935738
0.9253815715093273
1.1595352791158968
1.583404376243251
1.6085836909871245
1.6863139735480162
1.8439108061749572
1.538
1.8321397880263535
1.2585910652920962
1.8839336763865067
1.8314735336194563
1.5512306811677161
1.9233628824706892
1.1531660011409013
1.0650057273768614
1.243791036254639
0.9094533029612756
0.9628474191718661
0.809915014164306
1.1192764273600904
1.166290231507623
0.7836769274216323
1.838135593220339
6.576825486326473
0.8715700141442716
1.2951005380911922
2.51179312304632
2.211905440045571
1.5889429962761386
2.0646083476272157
2.4440949385187305
1.7829568201315413
2.3135181480422977
1.445301342473579
1.0823361823361823
1.2085470085470085
1.2070635146681856
1.927065527065527
1.3652694610778444
1.3693359931604445
1.6805002842524162
1.1906515580736543
1.2661951909476663
0.7974576271186441
1.0384072295961593
0.7557942340305257
1.688807235726399
7.547813822284908
0.9144475920679886
1.1557632398753894
1.1903409090909092
1.3326693227091633
1.1407006550840217
1.563264145578618
1.9367160775370582
1.464234824736392
1.602509267179926
1.7609005414648047
0.8260621613915027
2.067047075606277
1.1735537190082646
1.8424950156650526
1.3366562232982055
1.1481059527200228
1.5469283276450512
1.0539007092198582
0.6015271493212669
1.3387051173310716
1.0889328063241106
0.5514124293785311
1.5113058224985867
6.924421883812747
1.0647990945104697
1.2834890965732086
1.3953488372093024
2.2353946993445426
2.2432972047917854
1.1088009114212476
1.2568337129840548
1.366933181039406
1.4019411932629176
1.716324200913242
1.7358813462635483
1.4149971379507726
1.8265451438336657
1.4428002276607854
1.8818155866400228
1.0262257696693273
1.240398293029872
1.220834516037468
0.9340130274709714
0.7611644997173544
0.8412877718158712
0.4285310734463277
1.4164546225614927
7.646245059288537
1.2894736842105263
1.383743981874823
1.3943781942078364
1.7714041095890412
2.0085836909871246
1.2609316947699343
1.8508997429305913
2.4311034877072615
1.4209322276236775
1.664095972579263
1.2891807022552098
1.9777270131353513
2.3565515272623467
1.6027944111776447
1.957355466514024
1.8235797887524978
1.3582598805800399
1.3255879852649475
1.1112054329371817
0.9081920903954802
1.5304912478825523
0.9604631460039537
1.1014410850522747
7.140276601749929
0.6864574498162285
0.8345140266364409
1.4920454545454545
2.251284980011422
1.7621916236374067
1.7122857142857142
1.2374429223744292
1.7798112668001145
1.4984272233342866
3.1215944938342415
2.1366370667430536
2.4018905757662563
1.4657534246575343
1.5209461385009975
1.4710248358549813
1.4543110856488113
1.3064011379800853
1.9804421768707483
1.1115831209289153
0.7239819004524887
0.9389830508474576
0.49165959852982755
1.3175904977375565
6.499858956276445
1.0882602545968882
1.618413597733711
1.3852272727272728
1.2283261802575107
1.092783505154639
1.8948571428571428
2.56391192450672
2.1876967095851216
2.089398280802292
1.2151029748283753
1.5506003430531732
1.144861150873175
1.25557461406518
1.1754135767256133
1.6431226765799256
1.1106674272675414
1.672541216600341
0.9143019296254257
0.902010761823846
1.097002262443439
1.3680045223289994
0.9697569248162804
1.2217821782178218
8.131920903954802
1.0161381653454133
0.9396429583451402
1.022184300341297
1.7349742415569547
1.5040160642570282
1.0578842315369261
0.846988295746503
1.6511894525652049
2.005167958656331
1.7672955974842768
2.1604017216642757
1.5275071633237822
1.164332666476136
14.18666278392545
4.01719690455718
1.0955504848830575
0.8776671408250356
0.9730496453900709
1.1732238890461364
0.40655923098671193
0.3399321266968326
0.30686634642554395
1.3540073633531577
6.941043723554301
0.848939179632249
0.9628579529345053
0.7147727272727272
0.9447450868698376
0.9988581216100485
1.0945599544289377
0.814994298745724
1.2996575342465753
1.1483594864479316
0.6895667046750285
1.055872291904219
1.0775370581527937
0.5771964742678419
0.5767150583546826
1.106522358302478
1.1027319294251565
0.8745031232254401
0.7802665154522257
0.4968891402714932
0.2973431317128321
0.40644431882419446
0.4652345958168457
0.8847678369195923
6.722425952045134
0.33824362606232294
0.7346938775510204
0.3610559182514902
1.0241477272727273
0.8313458262350937
0.5709823963657014
0.7632177373507675
0.6757679180887372
1.2265224815025613
1.2641616851693709
0.6667616063799487
1.3222317107884998
0.908651109846329
0.7680705748434832
0.6706518645032735
0.9277177006260672
0.5803698435277382
0.588718820861678
0.8397962071893574
0.7790336253178864
0.361503674392312
0.6245405711054566
2.1589235127478754
6.242099322799097
0.7577903682719547
0.9906409529211572
0.45
1.1112692088787706
1.1646723646723647
0.7961910176236499
0.7148960410139561
1.136869118905047
1.7314497716894977
0.8604053668284328
1.004278379920137
1.0599315068493151
1.4461231470923603
1.002849002849003
0.8323336189660097
1.6014823261117446
0.4985771200910643
0.30190286850326614
0.588218634947607
0.3914520237758279
0.3555869872701556
0.39722929035906135
1.4794791961505802
6.184871577758961
0.3903061224489796
0.5907543959160522
0.8631578947368421
0.9725714285714285
1.185608223872073
1.7131849315068493
0.8010276905509564
1.498997995991984
1.3035253654342218
1.1625107480653483
1.654232424677188
1.4947006588370095
2.0796789911149327
1.1224256292906178
1.3203911417888985
0.6281133695963356
1.1232564759464845
0.7364539007092199
0.351925254813137
1.0500424088210347
0.560056657223796
0.3763076053152389
1.2987270155586987
6.3386004514672685
0.5741789354473387
0.48171250354408846
1.654054054054054
1.195310265942236
0.6207093821510298
0.6066323613493425
1.2519280205655527
0.420662100456621
1.1808571428571428
1.2510723477266228
0.8978248425872924
1.1694333142530051
1.1840367499282227
1.177548682703322
0.9807526572823901
0.7298768261243197
0.8073080216956894
0.790505969300739
0.4634560906515581
0.3376696832579186
0.6836301950805768
0.7354437535330696
1.2627262443438914
8.520451339915374
0.31587885649589587
0.37471655328798187
0.8541310541310542
1.1049771167048055
1.149540757749713
1.5220630372492836
1.1831995412844036
1.3745329117562517
1.379815986198965
1.34454989933851
1.546314883854316
1.097274031563845
2.0701001430615165
1.6152080344332855
1.4350574712643678
1.6623748211731044
1.034541821296032
0.7258522727272727
0.3461756373937677
0.7186085972850679
0.5955342001130582
0.23599320882852293
1.7079796264855687
6.141123341800734
0.8060039648824695
0.7925652667423383
1.2242165242165242
1.6794614723574908
0.7063218390804598
1.3744985673352434
1.4945402298850574
1.404555940023068
2.0583983810349813
1.661764705882353
2.4953863898500575
1.2569945197577157
1.981833910034602
1.80903077365545
0.8475310424487439
1.189491817398794
1.5905982905982905
0.8264697529111048
0.6327859569648924
0.23805484874187163
0.5103136479231422
0.6699660633484162
1.1889140271493213
6.914575697772766
1.0619869799037644
0.9347702779353375
0.9135381114903299
1.2741290691033695
0.9559874249785653
1.4289390906491277
1.9561353211009174
0.9315698677400805
1.1783768282190996
0.8291284403669725
0.795766590389016
1.2901658090337336
0.9427513528909143
1.8371363377067884
0.9920068512703397
1.0062660210766163
0.43863636363636366
0.5477201925800057
0.5055131467345207
0.5730432325515682
0.7345382660265461
0.5844155844155844
1.2107940096072336
6.701833568406206
0.5220588235294118
0.966846132048739
0.7078364565587735
1.41273450824332
0.5942646223736513
0.5595001420051122
1.091555302814899
1.0922288642186166
1.1094640820980615
0.7373074729035939
1.3101482326111744
0.9595441595441595
0.9294050668943923
0.6892623184277984
1.0530367835757057
0.8712984054669703
0.6949971574758386
0.8859897901304594
0.6789354473386183
0.34557784684939247
0.40067815767165865
0.4096045197740113
1.2885431400282885
6.125953120587405
0.9920792079207921
0.6729951827713233
1.2952867688813174
1.2229190421892817
0.4676914318246513
0.4975845410628019
1.0574843483210017
1.266609637867123
0.8774985722444317
0.9392123287671232
1.748713550600343
0.6783876500857633
0.9859919954259577
1.3274437161584498
1.3929694198342384
0.6564732780794512
0.46002844950213373
1.0471323111868256
0.6424122310305775
0.49392140231834886
0.9336345665066366
0.3728813559322034
1.0746184284906728
5.986745628877609
0.5169683257918553
0.6619438934542363
0.9823763501989767
1.8918687589158345
1.9115296803652968
0.5814550641940086
0.7703281027104137
1.248427672955975
0.9058924485125858