1.2926932248081668
1.3804334026379674
0.6686215816884613
0.6811505361848205
1.808439052161835
0.21805988177585744
0.4751435955715928
1.8684698066488428
0.785873637136602
1.3380103563653576
1.7983591696484895
0.5639380292677119
1.0494031439578557
0.4677261347510322
1.6251671648329125
0.15311974328181654
0.08413138757227068
1.6680006431470984
0.6190351434149222
1.838854057377712
1.3920881532722176
1.0566955422694293
1.1977176056966006
5.56778531680379
1.3293261514109553
1.4059363544186605
0.7365611913569797
0.9263603055144761
2.005138412995997
0.49550744803331287
0.6577238085855325
2.1786391993567866
0.8921427408017439
1.4778664759590894
2.007443581315562
0.5966360702187529
1.1548597314942028
0.611270201332981
1.852254356377409
0.209065329856444
0.3499937964995835
1.868665231638965
0.7907771912429779
2.1540322305438733
1.4128253864868572
1.2774120975123786
1.4218553042053588
5.6285999010321595
1.578663671049261
1.48814313944268
0.9877123814455389
0.7030120366770397
1.886130659395631
0.4486797309685895
0.7787529640386391
2.141867148262517
0.8715971480299961
1.5762476327297437
2.0363395615716677
0.7615383819462476
1.258729114875486
0.5132942961273439
1.8423445767654005
0.2505329564334617
0.12008484829257174
1.9534184632847715
0.8554777307279985
2.0408035259270285
1.7038716390469544
1.2190366407083697
1.2291909965402277
5.894295212994849
1.573916369260377
1.5138823922561016
0.8259244263703569
0.9987407027672345
1.8365742060807053
0.38967549762591114
0.6391813780581774
2.159660500079693
1.0866821323817915
1.5461112706506295
2.0471376449225196
0.7916907643559459
1.1284691850560853
0.5045518560345376
1.8364522561099212
0.20559400454115573
0.0961500052588864
1.8261747384953098
0.8686505382770474
2.0777931953696975
1.5442637841126305
1.1362811353473101
1.2987511584132123
5.794707742266536
1.4285992929289195
1.5204383636133458
0.9316037221750295
0.8897319533118585
1.9200500824800095
0.536871305990432
0.660628488425693
1.9794744790221683
1.0812929728032061
1.3984981311521312
1.8750325440518232
0.7845425556581639
1.0891548738725185
0.6950701347131006
1.9323733499146853
0.34255463274090725
0.1501809946202185
1.8854158053285186
0.6228766309163823
1.974049809504485
1.4314195886590784
1.109903152466172
1.4850501991769454
5.76323428767981
1.5750505074092576
3.5374187827815184
2.700361664182811
2.7964713029599784
3.8326632344855573
1.8053676554075688
1.9657466778955062
3.703532207943488
2.4393979589311217
2.8608537378533354
2.944097883479775
2.5230063820804514
2.436341861276413
2.221790110722621
3.308099030728231
1.777548045781927
1.9225144302588328
3.652354217481315
2.4298918730233803
3.231542967303188
2.761774031730039
2.377829019790494
1.4620494805231234
5.590686187789984
1.4032438024855962
1.5340385833430932
0.9613917391489846
1.000005706738433
1.94599641583135
0.33279611313150476
0.7351079381790093
2.0383024543335964
0.9644965912179568
1.5135029360711727
1.8608535354953981
0.7062024961388044
1.2216643567234136
0.5441568789393363
1.9341514738219627
0.2011211172008378
0.2019147319074029
1.7634390869837469
0.6801341388140623
2.1016311196175885
1.5680083460989562
1.1586037046321285
1.4665080100018866
5.788144256616901
1.6025839964731694
1.6140175984880778
0.9653168919194457
0.8392307597130263
1.9992432679729082
0.2399993856643575
0.5911380059799193
2.1858464307530237
0.8097731093572732
1.5547540080354305
1.97222811041526
0.8385690075565528
1.3612306604638431
0.6300972728301395
1.9427663521888996
0.37951148297474524
0.10876288537433387
1.692037891082013
0.7280438240584111
2.0510655236744717
1.5853688106295016
1.1748990155138055
1.2817505701091028
5.662399218818403
1.5439243436985952
1.4482991264903298
0.9936391634518656
0.9768622555644142
1.9916260913521684
0.3650532509784683
0.5950689350549774
2.015562921602831
0.8212267221632752
1.6703688179983285
1.9479843268473198
0.8077132014851849
1.3130724353937422
0.7131085168523743
1.8636774773113194
0.22407138009960836
0.16326831753722154
1.6760994428924636
0.8438878504973545
1.8994631456583912
1.4511325572988938
1.1125817364739627
1.4865929213587437
5.701633777239833
1.45571245195741
1.5256948985793235
0.7871388528586348
0.7084124933567024
2.06513865118575
0.3858073197361842
0.737084975793219
2.156448233675747
1.089309702033959
1.6019750181099996
2.0436853456717414
0.6492745671453286
1.2518708363389957
0.5933799566659625
1.816227270863043
0.41402789692916436
0.2479324348008964
1.945305349150434
0.7074828214275439
2.161628166270183
1.5743088954703326
1.2668193473090934
1.410830335995424
5.619002705312532
1.56483747153083
1.5463099497498187
0.7977313983089915
0.7024957603521623
2.1265064253819355
0.3547550340364467
0.7144735855264219
2.1987178129143077
0.8013378855450316
1.5972580400218221
2.1068052562235415
0.7060870951856348
1.1402756607719446
0.7054446010136367
1.7268855586453238
0.15438238632487722
0.2149766833535063
1.7311890088524824
0.8815086367660707
2.047610936887011
1.6429064949369327
1.1639199610813098
1.322029003906742
5.8184337415606615
1.2926932248081668
1.3804334026379674
0.6686215816884613
0.6811505361848205
1.808439052161835
0.21805988177585744
0.4751435955715928
1.8684698066488428
0.785873637136602
1.3380103563653576
1.7983591696484895
0.5639380292677119
1.0494031439578557
0.4677261347510322
1.6251671648329125
0.15311974328181654
0.08413138757227068
1.6680006431470984
0.6190351434149222
1.838854057377712
1.3920881532722176
1.0566955422694293
1.1977176056966006
5.56778531680379
1.3293261514109553
1.4059363544186605
0.7365611913569797
0.9263603055144761
2.005138412995997
0.49550744803331287
0.6577238085855325
2.1786391993567866
0.8921427408017439
1.4778664759590894
2.007443581315562
0.5966360702187529
1.1548597314942028
0.611270201332981
1.852254356377409
0.209065329856444
0.3499937964995835
1.868665231638965
0.7907771912429779
2.1540322305438733
1.4128253864868572
1.2774120975123786
1.4218553042053588
5.6285999010321595
1.578663671049261
1.48814313944268
0.9877123814455389
0.7030120366770397
1.886130659395631
0.4486797309685895
0.7787529640386391
2.141867148262517
0.8715971480299961
1.5762476327297437
2.0363395615716677
0.7615383819462476
1.258729114875486
0.5132942961273439
1.8423445767654005
0.2505329564334617
0.12008484829257174
1.9534184632847715
0.8554777307279985
2.0408035259270285
1.7038716390469544
1.2190366407083697
1.2291909965402277
5.894295212994849
1.573916369260377
1.5138823922561016
0.8259244263703569
0.9987407027672345
1.8365742060807053
0.38967549762591114
0.6391813780581774
2.159660500079693
1.0866821323817915
1.5461112706506295
2.0471376449225196
0.7916907643559459
1.1284691850560853
0.5045518560345376
1.8364522561099212
0.20559400454115573
0.0961500052588864
1.8261747384953098
0.8686505382770474
2.0777931953696975
1.5442637841126305
1.1362811353473101
1.2987511584132123
5.794707742266536
1.4285992929289195
1.5204383636133458
0.9316037221750295
0.8897319533118585
1.9200500824800095
0.536871305990432
0.660628488425693
1.9794744790221683
1.0812929728032061
1.3984981311521312
1.8750325440518232
0.7845425556581639
1.0891548738725185
0.6950701347131006
1.9323733499146853
0.34255463274090725
0.1501809946202185
1.8854158053285186
0.6228766309163823
1.974049809504485
1.4314195886590784
1.109903152466172
1.4850501991769454
5.76323428767981
1.5750505074092576
3.5374187827815184
2.700361664182811
2.7964713029599784
3.8326632344855573
1.8053676554075688
1.9657466778955062
3.703532207943488
2.4393979589311217
2.8608537378533354
2.944097883479775
2.5230063820804514
2.436341861276413
2.221790110722621
3.308099030728231
1.777548045781927
1.9225144302588328
3.652354217481315
2.4298918730233803
3.231542967303188
2.761774031730039
2.377829019790494
1.4620494805231234
5.590686187789984
1.4032438024855962
1.5340385833430932
0.9613917391489846
1.000005706738433
1.94599641583135
0.33279611313150476
0.7351079381790093
2.0383024543335964
0.9644965912179568
1.5135029360711727
1.8608535354953981
0.7062024961388044
1.2216643567234136
0.5441568789393363
1.9341514738219627
0.2011211172008378
0.2019147319074029
1.7634390869837469
0.6801341388140623
2.1016311196175885
1.5680083460989562
1.1586037046321285
1.4665080100018866
5.788144256616901
1.6025839964731694
1.6140175984880778
0.9653168919194457
0.8392307597130263
1.9992432679729082
0.2399993856643575
0.5911380059799193
2.1858464307530237
0.8097731093572732
1.5547540080354305
1.97222811041526
0.8385690075565528
1.3612306604638431
0.6300972728301395
1.9427663521888996
0.37951148297474524
0.10876288537433387
1.692037891082013
0.7280438240584111
2.0510655236744717
1.5853688106295016
1.1748990155138055
1.2817505701091028
5.662399218818403
1.5439243436985952
1.4482991264903298
0.9936391634518656
0.9768622555644142
1.9916260913521684
0.3650532509784683
0.5950689350549774
2.015562921602831
0.8212267221632752
1.6703688179983285
1.9479843268473198
0.8077132014851849
1.3130724353937422
0.7131085168523743
1.8636774773113194
0.22407138009960836
0.16326831753722154
1.6760994428924636
0.8438878504973545
1.8994631456583912
1.4511325572988938
1.1125817364739627
1.4865929213587437
5.701633777239833
1.45571245195741
1.5256948985793235
0.7871388528586348
0.7084124933567024
2.06513865118575
0.3858073197361842
0.737084975793219
2.156448233675747
1.089309702033959
1.6019750181099996
2.0436853456717414
0.6492745671453286
1.2518708363389957
0.5933799566659625
1.816227270863043
0.41402789692916436
0.2479324348008964
1.945305349150434
0.7074828214275439
2.161628166270183
1.5743088954703326
1.2668193473090934
1.410830335995424
5.619002705312532
1.56483747153083
1.5463099497498187
0.7977313983089915
0.7024957603521623
2.1265064253819355
0.3547550340364467
0.7144735855264219
2.1987178129143077
0.8013378855450316
1.5972580400218221
2.1068052562235415
0.7060870951856348
1.1402756607719446
0.7054446010136367
1.7268855586453238
0.15438238632487722
0.2149766833535063
1.7311890088524824
0.8815086367660707
2.047610936887011
1.6429064949369327
1.1639199610813098
1.322029003906742
5.8184337415606615
1.2926932248081668
1.3804334026379674
0.6686215816884613
0.6811505361848205
1.808439052161835
0.21805988177585744
0.4751435955715928
1.8684698066488428
0.785873637136602
1.3380103563653576
1.7983591696484895
0.5639380292677119
1.0494031439578557
0.4677261347510322
1.6251671648329125
0.15311974328181654
0.08413138757227068
1.6680006431470984
0.6190351434149222
1.838854057377712
1.3920881532722176
1.0566955422694293
1.1977176056966006
5.56778531680379
1.3293261514109553
1.4059363544186605
0.7365611913569797
0.9263603055144761
2.005138412995997
0.49550744803331287
0.6577238085855325
2.1786391993567866
0.8921427408017439
1.4778664759590894
2.007443581315562
0.5966360702187529
1.1548597314942028
0.611270201332981
1.852254356377409
0.209065329856444
0.3499937964995835
1.868665231638965
0.7907771912429779
2.1540322305438733
1.4128253864868572
1.2774120975123786
1.4218553042053588
5.6285999010321595
1.578663671049261
1.48814313944268
0.9877123814455389
0.7030120366770397
1.886130659395631
0.4486797309685895
0.7787529640386391
2.141867148262517
0.8715971480299961
1.5762476327297437
2.0363395615716677
0.7615383819462476
1.258729114875486
0.5132942961273439
1.8423445767654005
0.2505329564334617
0.12008484829257174
1.9534184632847715
0.8554777307279985
2.0408035259270285
1.7038716390469544
1.2190366407083697
1.2291909965402277
5.894295212994849
1.573916369260377
1.5138823922561016
0.8259244263703569
0.9987407027672345
1.8365742060807053
0.38967549762591114
0.6391813780581774
2.159660500079693
1.0866821323817915
1.5461112706506295
2.0471376449225196
0.7916907643559459
1.1284691850560853
0.5045518560345376
1.8364522561099212
0.20559400454115573
0.0961500052588864
1.8261747384953098
0.8686505382770474
2.0777931953696975
1.5442637841126305
1.1362811353473101
1.2987511584132123
5.794707742266536
1.4285992929289195
1.5204383636133458
0.9316037221750295
0.8897319533118585
1.9200500824800095
0.536871305990432
0.660628488425693
1.9794744790221683
1.0812929728032061
1.3984981311521312
1.8750325440518232
0.7845425556581639
1.0891548738725185
0.6950701347131006
1.9323733499146853
0.34255463274090725
0.1501809946202185
1.8854158053285186
0.6228766309163823
1.974049809504485
1.4314195886590784
1.109903152466172
1.4850501991769454
5.76323428767981
1.5750505074092576
3.5374187827815184
2.700361664182811
2.7964713029599784
3.8326632344855573
1.8053676554075688
1.9657466778955062
3.703532207943488
2.4393979589311217
2.8608537378533354
2.944097883479775
2.5230063820804514
2.436341861276413
2.221790110722621
3.308099030728231
1.777548045781927
1.9225144302588328
3.652354217481315
2.4298918730233803
3.231542967303188
2.761774031730039
2.377829019790494
1.4620494805231234
5.590686187789984
1.4032438024855962
1.5340385833430932
0.9613917391489846
1.000005706738433
1.94599641583135
0.33279611313150476
0.7351079381790093
2.0383024543335964
0.9644965912179568
1.5135029360711727
1.8608535354953981
0.7062024961388044
1.2216643567234136
0.5441568789393363
1.9341514738219627
0.2011211172008378
0.2019147319074029
1.7634390869837469
0.6801341388140623
2.1016311196175885
1.5680083460989562
1.1586037046321285
1.4665080100018866
5.788144256616901
1.6025839964731694
1.6140175984880778
0.9653168919194457
0.8392307597130263
1.9992432679729082
0.2399993856643575
0.5911380059799193
2.1858464307530237
0.8097731093572732
1.5547540080354305
1.97222811041526
0.8385690075565528
1.3612306604638431
0.6300972728301395
1.9427663521888996
0.37951148297474524
0.10876288537433387
1.692037891082013
0.7280438240584111
2.0510655236744717
1.5853688106295016
1.1748990155138055
1.2817505701091028
5.662399218818403
1.5439243436985952
1.4482991264903298
0.9936391634518656
0.9768622555644142
1.9916260913521684
0.3650532509784683
0.5950689350549774
2.015562921602831
0.8212267221632752
1.6703688179983285
1.9479843268473198
0.8077132014851849
1.3130724353937422
0.7131085168523743
1.8636774773113194
0.22407138009960836
0.16326831753722154
1.6760994428924636
0.8438878504973545
1.8994631456583912
1.4511325572988938
1.1125817364739627
1.4865929213587437
5.701633777239833
1.45571245195741
1.5256948985793235
0.7871388528586348
0.7084124933567024
2.06513865118575
0.3858073197361842
0.737084975793219
2.156448233675747
1.089309702033959
1.6019750181099996
2.0436853456717414
0.6492745671453286
1.2518708363389957
0.5933799566659625
1.816227270863043
0.41402789692916436
0.2479324348008964
1.945305349150434
0.7074828214275439
2.161628166270183
1.5743088954703326
1.2668193473090934
1.410830335995424
5.619002705312532
1.56483747153083
1.5463099497498187
0.7977313983089915
0.7024957603521623
2.1265064253819355
0.3547550340364467
0.7144735855264219
2.1987178129143077
0.8013378855450316
1.5972580400218221
2.1068052562235415
0.7060870951856348
1.1402756607719446
0.7054446010136367
1.7268855586453238
0.15438238632487722
0.2149766833535063
1.7311890088524824
0.8815086367660707
2.047610936887011
1.6429064949369327
1.1639199610813098
1.322029003906742
5.8184337415606615
1.2926932248081668
1.3804334026379674
0.6686215816884613
0.6811505361848205
1.808439052161835
0.21805988177585744
0.4751435955715928
1.8684698066488428
0.785873637136602
1.3380103563653576
1.7983591696484895
0.5639380292677119
1.0494031439578557
0.4677261347510322
1.6251671648329125
0.15311974328181654
0.08413138757227068
1.6680006431470984
0.6190351434149222
1.838854057377712
1.3920881532722176
1.0566955422694293
1.1977176056966006
5.56778531680379
1.3293261514109553
1.4059363544186605
0.7365611913569797
0.9263603055144761
2.005138412995997
0.49550744803331287
0.6577238085855325
2.1786391993567866
0.8921427408017439
1.4778664759590894
2.007443581315562
0.5966360702187529
1.1548597314942028
0.611270201332981
1.852254356377409
0.209065329856444
0.3499937964995835
1.868665231638965
0.7907771912429779
2.1540322305438733
1.4128253864868572
1.2774120975123786
1.4218553042053588
5.6285999010321595
1.578663671049261
1.48814313944268
0.9877123814455389
0.7030120366770397
1.886130659395631
0.4486797309685895
0.7787529640386391
2.141867148262517
0.8715971480299961
1.5762476327297437
2.0363395615716677
0.7615383819462476
1.258729114875486
0.5132942961273439
1.8423445767654005
0.2505329564334617
0.12008484829257174
1.9534184632847715
0.8554777307279985
2.0408035259270285
1.7038716390469544
1.2190366407083697
1.2291909965402277
5.894295212994849
1.573916369260377
1.5138823922561016
0.8259244263703569
0.9987407027672345
1.8365742060807053
0.38967549762591114
0.6391813780581774
2.159660500079693
1.0866821323817915
1.5461112706506295
2.0471376449225196
0.7916907643559459
1.1284691850560853
0.5045518560345376
1.8364522561099212
0.20559400454115573
0.0961500052588864
1.8261747384953098
0.8686505382770474
2.0777931953696975
1.5442637841126305
1.1362811353473101
1.2987511584132123
5.794707742266536
1.4285992929289195
1.5204383636133458
0.9316037221750295
0.8897319533118585
1.9200500824800095
0.536871305990432
0.660628488425693
1.9794744790221683
1.0812929728032061
1.3984981311521312
1.8750325440518232
0.7845425556581639
1.0891548738725185
0.6950701347131006
1.9323733499146853
0.34255463274090725
0.1501809946202185
1.8854158053285186
0.6228766309163823
1.974049809504485
1.4314195886590784
1.109903152466172
1.4850501991769454
5.76323428767981
1.5750505074092576
3.5374187827815184
2.700361664182811
2.7964713029599784
3.8326632344855573
1.8053676554075688
1.9657466778955062
3.703532207943488
2.4393979589311217
2.8608537378533354
2.944097883479775
2.5230063820804514
2.436341861276413
2.221790110722621
3.308099030728231
1.777548045781927
1.9225144302588328
3.652354217481315
2.4298918730233803
3.231542967303188
2.761774031730039
2.377829019790494
1.4620494805231234
5.590686187789984
1.4032438024855962
1.5340385833430932
0.9613917391489846
1.000005706738433
1.94599641583135
0.33279611313150476
0.7351079381790093
2.0383024543335964
0.9644965912179568
1.5135029360711727
1.8608535354953981
0.7062024961388044
1.2216643567234136
0.5441568789393363
1.9341514738219627
0.2011211172008378
0.2019147319074029
1.7634390869837469
0.6801341388140623
2.1016311196175885
1.5680083460989562
1.1586037046321285
1.4665080100018866
5.788144256616901
1.6025839964731694
1.6140175984880778
0.9653168919194457
0.8392307597130263
1.9992432679729082
0.2399993856643575
0.5911380059799193
2.1858464307530237
0.8097731093572732
1.5547540080354305
1.97222811041526
0.8385690075565528
1.3612306604638431
0.6300972728301395
1.9427663521888996
0.37951148297474524
0.10876288537433387
1.692037891082013
0.7280438240584111
2.0510655236744717
1.5853688106295016
1.1748990155138055
1.2817505701091028
5.662399218818403
1.5439243436985952
1.4482991264903298
0.9936391634518656
0.9768622555644142
1.9916260913521684
0.3650532509784683
0.5950689350549774
2.015562921602831
0.8212267221632752
1.6703688179983285
1.9479843268473198
0.8077132014851849
1.3130724353937422
0.7131085168523743
1.8636774773113194
0.22407138009960836
0.16326831753722154
1.6760994428924636
0.8438878504973545
1.8994631456583912
1.4511325572988938
1.1125817364739627
1.4865929213587437
5.701633777239833
1.45571245195741
1.5256948985793235
0.7871388528586348
0.7084124933567024
2.06513865118575
0.3858073197361842
0.737084975793219
2.156448233675747
1.089309702033959
1.6019750181099996
2.0436853456717414
0.6492745671453286
1.2518708363389957
0.5933799566659625
1.816227270863043
0.41402789692916436
0.2479324348008964
1.945305349150434
0.7074828214275439
2.161628166270183
1.5743088954703326
1.2668193473090934
1.410830335995424
5.619002705312532
1.56483747153083
1.5463099497498187
0.7977313983089915
0.7024957603521623
2.1265064253819355
0.3547550340364467
0.7144735855264219
2.1987178129143077
0.8013378855450316
1.5972580400218221
2.1068052562235415
0.7060870951856348
1.1402756607719446
0.7054446010136367
1.7268855586453238
0.15438238632487722
0.2149766833535063
1.7311890088524824
0.8815086367660707
2.047610936887011
1.6429064949369327
1.1639199610813098
1.322029003906742
5.8184337415606615
1.2926932248081668
1.3804334026379674
0.6686215816884613
0.6811505361848205
1.808439052161835
0.21805988177585744
0.4751435955715928
1.8684698066488428
0.785873637136602
1.3380103563653576
1.7983591696484895
0.5639380292677119
1.0494031439578557
0.4677261347510322
1.6251671648329125
0.15311974328181654
0.08413138757227068
1.6680006431470984
0.6190351434149222
1.838854057377712
1.3920881532722176
1.0566955422694293
1.1977176056966006
5.56778531680379
1.3293261514109553
1.4059363544186605
0.7365611913569797
0.9263603055144761
2.005138412995997
0.49550744803331287
0.6577238085855325
2.1786391993567866
0.8921427408017439
1.4778664759590894
2.007443581315562
0.5966360702187529
1.1548597314942028
0.611270201332981
1.852254356377409
0.209065329856444
0.3499937964995835
1.868665231638965
0.7907771912429779
2.1540322305438733
1.4128253864868572
1.2774120975123786
1.4218553042053588
5.6285999010321595
1.578663671049261
1.48814313944268
0.9877123814455389
0.7030120366770397
1.886130659395631
0.4486797309685895
0.7787529640386391
2.141867148262517
0.8715971480299961
1.5762476327297437
2.0363395615716677
0.7615383819462476
1.258729114875486
0.5132942961273439
1.8423445767654005
0.2505329564334617
0.12008484829257174
1.9534184632847715
0.8554777307279985
2.0408035259270285
1.7038716390469544
1.2190366407083697
1.2291909965402277
5.894295212994849
1.573916369260377
1.5138823922561016
0.8259244263703569
0.9987407027672345
1.8365742060807053
0.38967549762591114
0.6391813780581774
2.159660500079693
1.0866821323817915
1.5461112706506295
2.0471376449225196
0.7916907643559459
1.1284691850560853
0.5045518560345376
1.8364522561099212
0.20559400454115573
0.0961500052588864
1.8261747384953098
0.8686505382770474
2.0777931953696975
1.5442637841126305
1.1362811353473101
1.2987511584132123
5.794707742266536
1.4285992929289195
1.5204383636133458
0.9316037221750295
0.8897319533118585
1.9200500824800095
0.536871305990432
0.660628488425693
1.9794744790221683
1.0812929728032061
1.3984981311521312
1.8750325440518232
0.7845425556581639
1.0891548738725185
0.6950701347131006
1.9323733499146853
0.34255463274090725
0.1501809946202185
1.8854158053285186
0.6228766309163823
1.974049809504485
1.4314195886590784
1.109903152466172
1.4850501991769454
5.76323428767981
1.5750505074092576
3.5374187827815184
2.700361664182811
2.7964713029599784
3.8326632344855573
1.8053676554075688
1.9657466778955062
3.703532207943488
2.4393979589311217
2.8608537378533354
2.944097883479775
2.5230063820804514
2.436341861276413
2.221790110722621
3.308099030728231
1.777548045781927
1.9225144302588328
3.652354217481315
2.4298918730233803
3.231542967303188
2.761774031730039
2.377829019790494
1.4620494805231234
5.590686187789984
1.4032438024855962
1.5340385833430932
0.9613917391489846
1.000005706738433
1.94599641583135
0.33279611313150476
0.7351079381790093
2.0383024543335964
0.9644965912179568
1.5135029360711727
1.8608535354953981
0.7062024961388044
1.2216643567234136
0.5441568789393363
1.9341514738219627
0.2011211172008378
0.2019147319074029
1.7634390869837469
0.6801341388140623
2.1016311196175885
1.5680083460989562
1.1586037046321285
1.4665080100018866
5.788144256616901
1.6025839964731694
1.6140175984880778
0.9653168919194457
0.8392307597130263
1.9992432679729082
0.2399993856643575
0.5911380059799193
2.1858464307530237
0.8097731093572732
1.5547540080354305
1.97222811041526
0.8385690075565528
1.3612306604638431
0.6300972728301395
1.9427663521888996
0.37951148297474524
0.10876288537433387
1.692037891082013
0.7280438240584111
2.0510655236744717
1.5853688106295016
1.1748990155138055
1.2817505701091028
5.662399218818403
1.5439243436985952
1.4482991264903298
0.9936391634518656
0.9768622555644142
1.9916260913521684
0.3650532509784683
0.5950689350549774
2.015562921602831
0.8212267221632752
1.6703688179983285
1.9479843268473198
0.8077132014851849
1.3130724353937422
0.7131085168523743
1.8636774773113194
0.22407138009960836
0.16326831753722154
1.6760994428924636
0.8438878504973545
1.8994631456583912
1.4511325572988938
1.1125817364739627
1.4865929213587437
5.701633777239833
1.45571245195741
1.5256948985793235
0.7871388528586348
0.7084124933567024
2.06513865118575
0.3858073197361842
0.737084975793219
2.156448233675747
1.089309702033959
1.6019750181099996
2.0436853456717414
0.6492745671453286
1.2518708363389957
0.5933799566659625
1.816227270863043
0.41402789692916436
0.2479324348008964
1.945305349150434
0.7074828214275439
2.161628166270183
1.5743088954703326
1.2668193473090934
1.410830335995424
5.619002705312532
1.56483747153083
1.5463099497498187
0.7977313983089915
0.7024957603521623
2.1265064253819355
0.3547550340364467
0.7144735855264219
2.1987178129143077
0.8013378855450316
1.5972580400218221
2.1068052562235415
0.7060870951856348
1.1402756607719446
0.7054446010136367
1.7268855586453238
0.15438238632487722
0.2149766833535063
1.7311890088524824
0.8815086367660707
2.047610936887011
1.6429064949369327
1.1639199610813098
1.322029003906742
5.8184337415606615
1.2926932248081668
1.3804334026379674
0.6686215816884613
0.6811505361848205
1.808439052161835
0.21805988177585744
0.4751435955715928
1.8684698066488428
0.785873637136602
1.3380103563653576
1.7983591696484895
0.5639380292677119
1.0494031439578557
0.4677261347510322
1.6251671648329125
0.15311974328181654
0.08413138757227068
1.6680006431470984
0.6190351434149222
1.838854057377712
1.3920881532722176
1.0566955422694293
1.1977176056966006
5.56778531680379
1.3293261514109553
1.4059363544186605
0.7365611913569797
0.9263603055144761
2.005138412995997
0.49550744803331287
0.6577238085855325
2.1786391993567866
0.8921427408017439
1.4778664759590894
2.007443581315562
0.5966360702187529
1.1548597314942028
0.611270201332981
1.852254356377409
0.209065329856444
0.3499937964995835
1.868665231638965
0.7907771912429779
2.1540322305438733
1.4128253864868572
1.2774120975123786
1.4218553042053588
5.6285999010321595
1.578663671049261
1.48814313944268
0.9877123814455389
0.7030120366770397
1.886130659395631
0.4486797309685895
0.7787529640386391
2.141867148262517
0.8715971480299961
1.5762476327297437
2.0363395615716677
0.7615383819462476
1.258729114875486
0.5132942961273439
1.8423445767654005
0.2505329564334617
0.12008484829257174
1.9534184632847715
0.8554777307279985
2.0408035259270285
1.7038716390469544
1.2190366407083697
1.2291909965402277
5.894295212994849
1.573916369260377
1.5138823922561016
0.8259244263703569
0.9987407027672345
1.8365742060807053
0.38967549762591114
0.6391813780581774
2.159660500079693
1.0866821323817915
1.5461112706506295
2.0471376449225196
0.7916907643559459
1.1284691850560853
0.5045518560345376
1.8364522561099212
0.20559400454115573
0.0961500052588864
1.8261747384953098
0.8686505382770474
2.0777931953696975
1.5442637841126305
1.1362811353473101
1.2987511584132123
5.794707742266536
1.4285992929289195
1.5204383636133458
0.9316037221750295
0.8897319533118585
1.9200500824800095
0.536871305990432
0.660628488425693
1.9794744790221683
1.0812929728032061
1.3984981311521312
1.8750325440518232
0.7845425556581639
1.0891548738725185
0.6950701347131006
1.9323733499146853
0.34255463274090725
0.1501809946202185
1.8854158053285186
0.6228766309163823
1.974049809504485
1.4314195886590784
1.109903152466172
1.4850501991769454
5.76323428767981
1.5750505074092576
3.5374187827815184
2.700361664182811
2.7964713029599784
3.8326632344855573
1.8053676554075688
1.9657466778955062
3.703532207943488
2.4393979589311217
2.8608537378533354
2.944097883479775
2.5230063820804514
2.436341861276413
2.221790110722621
3.308099030728231
1.777548045781927
1.9225144302588328
3.652354217481315
2.4298918730233803
3.231542967303188
2.761774031730039
2.377829019790494
1.4620494805231234
5.590686187789984
1.4032438024855962
1.5340385833430932
0.9613917391489846
1.000005706738433
1.94599641583135
0.33279611313150476
0.7351079381790093
2.0383024543335964
0.9644965912179568
1.5135029360711727
1.8608535354953981
0.7062024961388044
1.2216643567234136
0.5441568789393363
1.9341514738219627
0.2011211172008378
0.2019147319074029
1.7634390869837469
0.6801341388140623
2.1016311196175885
1.5680083460989562
1.1586037046321285
1.4665080100018866
5.788144256616901
1.6025839964731694
1.6140175984880778
0.9653168919194457
0.8392307597130263
1.9992432679729082
0.2399993856643575
0.5911380059799193
2.1858464307530237
0.8097731093572732
1.5547540080354305
1.97222811041526
0.8385690075565528
1.3612306604638431
0.6300972728301395
1.9427663521888996
0.37951148297474524
0.10876288537433387
1.692037891082013
0.7280438240584111
2.0510655236744717
1.5853688106295016
1.1748990155138055
1.2817505701091028
5.662399218818403
1.5439243436985952
1.4482991264903298
0.9936391634518656
0.9768622555644142
1.9916260913521684
0.3650532509784683
0.5950689350549774
2.015562921602831
0.8212267221632752
1.6703688179983285
1.9479843268473198
0.8077132014851849
1.3130724353937422
0.7131085168523743
1.8636774773113194
0.22407138009960836
0.16326831753722154
1.6760994428924636
0.8438878504973545
1.8994631456583912
1.4511325572988938
1.1125817364739627
1.4865929213587437
5.701633777239833
1.45571245195741
1.5256948985793235
0.7871388528586348
0.7084124933567024
2.06513865118575
0.3858073197361842
0.737084975793219
2.156448233675747
1.089309702033959
1.6019750181099996
2.0436853456717414
0.6492745671453286
1.2518708363389957
0.5933799566659625
1.816227270863043
0.41402789692916436
0.2479324348008964
1.945305349150434
0.7074828214275439
2.161628166270183
1.5743088954703326
1.2668193473090934
1.410830335995424
5.619002705312532
1.56483747153083
1.5463099497498187
0.7977313983089915
0.7024957603521623
2.1265064253819355
0.3547550340364467
0.7144735855264219
2.1987178129143077
0.8013378855450316
1.5972580400218221
2.1068052562235415
0.7060870951856348
1.1402756607719446
0.7054446010136367
1.7268855586453238
0.15438238632487722
0.2149766833535063
1.7311890088524824
0.8815086367660707
2.047610936887011
1.6429064949369327
1.1639199610813098
1.322029003906742
5.8184337415606615
1.2926932248081668
1.3804334026379674
0.6686215816884613
0.6811505361848205
1.808439052161835
0.21805988177585744
0.4751435955715928
1.8684698066488428
0.785873637136602
1.3380103563653576
1.7983591696484895
0.5639380292677119
1.0494031439578557
0.4677261347510322
1.6251671648329125
0.15311974328181654
0.08413138757227068
1.6680006431470984
0.6190351434149222
1.838854057377712
1.3920881532722176
1.0566955422694293
1.1977176056966006
5.56778531680379
1.3293261514109553
1.4059363544186605
0.7365611913569797
0.9263603055144761
2.005138412995997
0.49550744803331287
0.6577238085855325
2.1786391993567866
0.8921427408017439
1.4778664759590894
2.007443581315562
0.5966360702187529
1.1548597314942028
0.611270201332981
1.852254356377409
0.209065329856444
0.3499937964995835
1.868665231638965
0.7907771912429779
2.1540322305438733
1.4128253864868572
1.2774120975123786
1.4218553042053588
5.6285999010321595
1.578663671049261
1.48814313944268
0.9877123814455389
0.7030120366770397
1.886130659395631
0.4486797309685895
0.7787529640386391
2.141867148262517
0.8715971480299961
1.5762476327297437
2.0363395615716677
0.7615383819462476
1.258729114875486
0.5132942961273439
1.8423445767654005
0.2505329564334617
0.12008484829257174
1.9534184632847715
0.8554777307279985
2.0408035259270285
1.7038716390469544
1.2190366407083697
1.2291909965402277
5.894295212994849
1.573916369260377
1.5138823922561016
0.8259244263703569
0.9987407027672345
1.8365742060807053
0.38967549762591114
0.6391813780581774
2.159660500079693
1.0866821323817915
1.5461112706506295
2.0471376449225196
0.7916907643559459
1.1284691850560853
0.5045518560345376
1.8364522561099212
0.20559400454115573
0.0961500052588864
1.8261747384953098
0.8686505382770474
2.0777931953696975
1.5442637841126305
1.1362811353473101
1.2987511584132123
5.794707742266536
1.4285992929289195
1.5204383636133458
0.9316037221750295
0.8897319533118585
1.9200500824800095
0.536871305990432
0.660628488425693
1.9794744790221683
1.0812929728032061
1.3984981311521312
1.8750325440518232
0.7845425556581639
1.0891548738725185
0.6950701347131006
1.9323733499146853
0.34255463274090725
0.1501809946202185
1.8854158053285186
0.6228766309163823
1.974049809504485
1.4314195886590784
1.109903152466172
1.4850501991769454
5.76323428767981
1.5750505074092576
3.5374187827815184
2.700361664182811
2.7964713029599784
3.8326632344855573
1.8053676554075688
1.9657466778955062
3.703532207943488
2.4393979589311217
2.8608537378533354
2.944097883479775
2.5230063820804514
2.436341861276413
2.221790110722621
3.308099030728231
1.777548045781927
1.9225144302588328
3.652354217481315
2.4298918730233803
3.231542967303188
2.761774031730039
2.377829019790494
1.4620494805231234
5.590686187789984
1.4032438024855962
1.5340385833430932
0.9613917391489846
1.000005706738433
1.94599641583135
0.33279611313150476
0.7351079381790093
2.0383024543335964
0.9644965912179568
1.5135029360711727
1.8608535354953981
0.7062024961388044
1.2216643567234136
0.5441568789393363
1.9341514738219627
0.2011211172008378
0.2019147319074029
1.7634390869837469
0.6801341388140623
2.1016311196175885
1.5680083460989562
1.1586037046321285
1.4665080100018866
5.788144256616901
1.6025839964731694
1.6140175984880778
0.9653168919194457
0.8392307597130263
1.9992432679729082
0.2399993856643575
0.5911380059799193
2.1858464307530237
0.8097731093572732
1.5547540080354305
1.97222811041526
0.8385690075565528
1.3612306604638431
0.6300972728301395
1.9427663521888996
0.37951148297474524
0.10876288537433387
1.692037891082013
0.7280438240584111
2.0510655236744717
1.5853688106295016
1.1748990155138055
1.2817505701091028
5.662399218818403
1.5439243436985952
1.4482991264903298
0.9936391634518656
0.9768622555644142
1.9916260913521684
0.3650532509784683
0.5950689350549774
2.015562921602831
0.8212267221632752
1.6703688179983285
1.9479843268473198
0.8077132014851849
1.3130724353937422
0.7131085168523743
1.8636774773113194
0.22407138009960836
0.16326831753722154
1.6760994428924636
0.8438878504973545
1.8994631456583912
1.4511325572988938
1.1125817364739627
1.4865929213587437
5.701633777239833
1.45571245195741
1.5256948985793235
0.7871388528586348
0.7084124933567024
2.06513865118575
0.3858073197361842
0.737084975793219
2.156448233675747
1.089309702033959
1.6019750181099996
2.0436853456717414
0.6492745671453286
1.2518708363389957
0.5933799566659625
1.816227270863043
0.41402789692916436
0.2479324348008964
1.945305349150434
0.7074828214275439
2.161628166270183
1.5743088954703326
1.2668193473090934
1.410830335995424
5.619002705312532
1.56483747153083
1.5463099497498187
0.7977313983089915
0.7024957603521623
2.1265064253819355
0.3547550340364467
0.7144735855264219
2.1987178129143077
0.8013378855450316
1.5972580400218221
2.1068052562235415
0.7060870951856348
1.1402756607719446
0.7054446010136367
1.7268855586453238
0.15438238632487722
0.2149766833535063
1.7311890088524824
0.8815086367660707
2.047610936887011
1.6429064949369327
1.1639199610813098
1.322029003906742
5.8184337415606615
1.2926932248081668
1.3804334026379674
0.6686215816884613
0.6811505361848205
1.808439052161835
0.21805988177585744
0.4751435955715928
1.8684698066488428
0.785873637136602
1.3380103563653576
1.7983591696484895
0.5639380292677119
1.0494031439578557
0.4677261347510322
1.6251671648329125
0.15311974328181654
0.08413138757227068
1.6680006431470984
0.6190351434149222
1.838854057377712
1.3920881532722176
1.0566955422694293
1.1977176056966006
5.56778531680379
1.3293261514109553
1.4059363544186605
0.7365611913569797
0.9263603055144761
2.005138412995997
0.49550744803331287
0.6577238085855325
2.1786391993567866
0.8921427408017439
1.4778664759590894
2.007443581315562
0.5966360702187529
1.1548597314942028
0.611270201332981
1.852254356377409
0.209065329856444
0.3499937964995835
1.868665231638965
0.7907771912429779
2.1540322305438733
1.4128253864868572
1.2774120975123786
1.4218553042053588
5.6285999010321595
1.578663671049261
1.48814313944268
0.9877123814455389
0.7030120366770397
1.886130659395631
0.4486797309685895
0.7787529640386391
2.141867148262517
0.8715971480299961
1.5762476327297437
2.0363395615716677
0.7615383819462476
1.258729114875486
0.5132942961273439
1.8423445767654005
0.2505329564334617
0.12008484829257174
1.9534184632847715
0.8554777307279985
2.0408035259270285
1.7038716390469544
1.2190366407083697
1.2291909965402277
5.894295212994849
1.573916369260377
1.5138823922561016
0.8259244263703569
0.9987407027672345
1.8365742060807053
0.38967549762591114
0.6391813780581774
2.159660500079693
1.0866821323817915
1.5461112706506295
2.0471376449225196
0.7916907643559459
1.1284691850560853
0.5045518560345376
1.8364522561099212
0.20559400454115573
0.0961500052588864
1.8261747384953098
0.8686505382770474
2.0777931953696975
1.5442637841126305
1.1362811353473101
1.2987511584132123
5.794707742266536
1.4285992929289195
1.5204383636133458
0.9316037221750295
0.8897319533118585
1.9200500824800095
0.536871305990432
0.660628488425693
1.9794744790221683
1.0812929728032061
1.3984981311521312
1.8750325440518232
0.7845425556581639
1.0891548738725185
0.6950701347131006
1.9323733499146853
0.34255463274090725
0.1501809946202185
1.8854158053285186
0.6228766309163823
1.974049809504485
1.4314195886590784
1.109903152466172
1.4850501991769454
5.76323428767981
1.5750505074092576
3.5374187827815184
2.700361664182811
2.7964713029599784
3.8326632344855573
1.8053676554075688
1.9657466778955062
3.703532207943488
2.4393979589311217
2.8608537378533354
2.944097883479775
2.5230063820804514
2.436341861276413
2.221790110722621
3.308099030728231
1.777548045781927
1.9225144302588328
3.652354217481315
2.4298918730233803
3.231542967303188
2.761774031730039
2.377829019790494
1.4620494805231234
5.590686187789984
1.4032438024855962
1.5340385833430932
0.9613917391489846
1.000005706738433
1.94599641583135
0.33279611313150476
0.7351079381790093
2.0383024543335964
0.9644965912179568
1.5135029360711727
1.8608535354953981
0.7062024961388044
1.2216643567234136
0.5441568789393363
1.9341514738219627
0.2011211172008378
0.2019147319074029
1.7634390869837469
0.6801341388140623
2.1016311196175885
1.5680083460989562
1.1586037046321285
1.4665080100018866
5.788144256616901
1.6025839964731694
1.6140175984880778
0.9653168919194457
0.8392307597130263
1.9992432679729082
0.2399993856643575
0.5911380059799193
2.1858464307530237
0.8097731093572732
1.5547540080354305
1.97222811041526
0.8385690075565528
1.3612306604638431
0.6300972728301395
1.9427663521888996
0.37951148297474524
0.10876288537433387
1.692037891082013
0.7280438240584111
2.0510655236744717
1.5853688106295016
1.1748990155138055
1.2817505701091028
5.662399218818403
1.5439243436985952
1.4482991264903298
0.9936391634518656
0.9768622555644142
1.9916260913521684
0.3650532509784683
0.5950689350549774
2.015562921602831
0.8212267221632752
1.6703688179983285
1.9479843268473198
0.8077132014851849
1.3130724353937422
0.7131085168523743
1.8636774773113194
0.22407138009960836
0.16326831753722154
1.6760994428924636
0.8438878504973545
1.8994631456583912
1.4511325572988938
1.1125817364739627
1.4865929213587437
5.701633777239833
1.45571245195741
1.5256948985793235
0.7871388528586348
0.7084124933567024
2.06513865118575
0.3858073197361842
0.737084975793219
2.156448233675747
1.089309702033959
1.6019750181099996
2.0436853456717414
0.6492745671453286
1.2518708363389957
0.5933799566659625
1.816227270863043
0.41402789692916436
0.2479324348008964
1.945305349150434
0.7074828214275439
2.161628166270183
1.5743088954703326
1.2668193473090934
1.410830335995424
5.619002705312532
1.56483747153083
1.5463099497498187
0.7977313983089915
0.7024957603521623
2.1265064253819355
0.3547550340364467
0.7144735855264219
2.1987178129143077
0.8013378855450316
1.5972580400218221
2.1068052562235415
0.7060870951856348
1.1402756607719446
0.7054446010136367
1.7268855586453238
0.15438238632487722
0.2149766833535063
1.7311890088524824
0.8815086367660707
2.047610936887011
1.6429064949369327
1.1639199610813098
1.322029003906742
5.8184337415606615
1.2926932248081668
1.3804334026379674
0.6686215816884613
0.6811505361848205
1.808439052161835
0.21805988177585744
0.4751435955715928
1.8684698066488428
0.785873637136602
1.3380103563653576
1.7983591696484895
0.5639380292677119
1.0494031439578557
0.4677261347510322
1.6251671648329125
0.15311974328181654
0.08413138757227068
1.6680006431470984
0.6190351434149222
1.838854057377712
1.3920881532722176
1.0566955422694293
1.1977176056966006
5.56778531680379
1.3293261514109553
1.4059363544186605
0.7365611913569797
0.9263603055144761
2.005138412995997
0.49550744803331287
0.6577238085855325
2.1786391993567866
0.8921427408017439
1.4778664759590894
2.007443581315562
0.5966360702187529
1.1548597314942028
0.611270201332981
1.852254356377409
0.209065329856444
0.3499937964995835
1.868665231638965
0.7907771912429779
2.1540322305438733
1.4128253864868572
1.2774120975123786
1.4218553042053588
5.6285999010321595
1.578663671049261
1.48814313944268
0.9877123814455389
0.7030120366770397
1.886130659395631
0.4486797309685895
0.7787529640386391
2.141867148262517
0.8715971480299961
1.5762476327297437
2.0363395615716677
0.7615383819462476
1.258729114875486
0.5132942961273439
1.8423445767654005
0.2505329564334617
0.12008484829257174
1.9534184632847715
0.8554777307279985
2.0408035259270285
1.7038716390469544
1.2190366407083697
1.2291909965402277
5.894295212994849
1.573916369260377
1.5138823922561016
0.8259244263703569
0.9987407027672345
1.8365742060807053
0.38967549762591114
0.6391813780581774
2.159660500079693
1.0866821323817915
1.5461112706506295
2.0471376449225196
0.7916907643559459
1.1284691850560853
0.5045518560345376
1.8364522561099212
0.20559400454115573
0.0961500052588864
1.8261747384953098
0.8686505382770474
2.0777931953696975
1.5442637841126305
1.1362811353473101
1.2987511584132123
5.794707742266536
1.4285992929289195
1.5204383636133458
0.9316037221750295
0.8897319533118585
1.9200500824800095
0.536871305990432
0.660628488425693
1.9794744790221683
1.0812929728032061
1.3984981311521312
1.8750325440518232
0.7845425556581639
1.0891548738725185
0.6950701347131006
1.9323733499146853
0.34255463274090725
0.1501809946202185
1.8854158053285186
0.6228766309163823
1.974049809504485
1.4314195886590784
1.109903152466172
1.4850501991769454
5.76323428767981
1.5750505074092576
3.5374187827815184
2.700361664182811
2.7964713029599784
3.8326632344855573
1.8053676554075688
1.9657466778955062
3.703532207943488
2.4393979589311217
2.8608537378533354
2.944097883479775
2.5230063820804514
2.436341861276413
2.221790110722621
3.308099030728231
1.777548045781927
1.9225144302588328
3.652354217481315
2.4298918730233803
3.231542967303188
2.761774031730039
2.377829019790494
1.4620494805231234
5.590686187789984
1.4032438024855962
1.5340385833430932
0.9613917391489846
1.000005706738433
1.94599641583135
0.33279611313150476
0.7351079381790093
2.0383024543335964
0.9644965912179568
1.5135029360711727
1.8608535354953981
0.7062024961388044
1.2216643567234136
0.5441568789393363
1.9341514738219627
0.2011211172008378
0.2019147319074029
1.7634390869837469
0.6801341388140623
2.1016311196175885
1.5680083460989562
1.1586037046321285
1.4665080100018866
5.788144256616901
1.6025839964731694
1.6140175984880778
0.9653168919194457
0.8392307597130263
1.9992432679729082
0.2399993856643575
0.5911380059799193
2.1858464307530237
0.8097731093572732
1.5547540080354305
1.97222811041526
0.8385690075565528
1.3612306604638431
0.6300972728301395
1.9427663521888996
0.37951148297474524
0.10876288537433387
1.692037891082013
0.7280438240584111
2.0510655236744717
1.5853688106295016
1.1748990155138055
1.2817505701091028
5.662399218818403
1.5439243436985952
1.4482991264903298
0.9936391634518656
0.9768622555644142
1.9916260913521684
0.3650532509784683
0.5950689350549774
2.015562921602831
0.8212267221632752
1.6703688179983285
1.9479843268473198
0.8077132014851849
1.3130724353937422
0.7131085168523743
1.8636774773113194
0.22407138009960836
0.16326831753722154
1.6760994428924636
0.8438878504973545
1.8994631456583912
1.4511325572988938
1.1125817364739627
1.4865929213587437
5.701633777239833
1.45571245195741
1.5256948985793235
0.7871388528586348
0.7084124933567024
2.06513865118575
0.3858073197361842
0.737084975793219
2.156448233675747
1.089309702033959
1.6019750181099996
2.0436853456717414
0.6492745671453286
1.2518708363389957
0.5933799566659625
1.816227270863043
0.41402789692916436
0.2479324348008964
1.945305349150434
0.7074828214275439
2.161628166270183
1.5743088954703326
1.2668193473090934
1.410830335995424
5.619002705312532
1.56483747153083
1.5463099497498187
0.7977313983089915
0.7024957603521623
2.1265064253819355
0.3547550340364467
0.7144735855264219
2.1987178129143077
0.8013378855450316
1.5972580400218221
2.1068052562235415
0.7060870951856348
1.1402756607719446
0.7054446010136367
1.7268855586453238
0.15438238632487722
0.2149766833535063
1.7311890088524824
0.8815086367660707
2.047610936887011
1.6429064949369327
1.1639199610813098
1.322029003906742
5.8184337415606615
1.2926932248081668
1.3804334026379674
0.6686215816884613
0.6811505361848205
1.808439052161835
0.21805988177585744
0.4751435955715928
1.8684698066488428
0.785873637136602
1.3380103563653576
1.7983591696484895
0.5639380292677119
1.0494031439578557
0.4677261347510322
1.6251671648329125
0.15311974328181654
0.08413138757227068
1.6680006431470984
0.6190351434149222
1.838854057377712
1.3920881532722176
1.0566955422694293
1.1977176056966006
5.56778531680379
1.3293261514109553
1.4059363544186605
0.7365611913569797
0.9263603055144761
2.005138412995997
0.49550744803331287
0.6577238085855325
2.1786391993567866
0.8921427408017439
1.4778664759590894
2.007443581315562
0.5966360702187529
1.1548597314942028
0.611270201332981
1.852254356377409
0.209065329856444
0.3499937964995835
1.868665231638965
0.7907771912429779
2.1540322305438733
1.4128253864868572
1.2774120975123786
1.4218553042053588
5.6285999010321595
1.578663671049261
1.48814313944268
0.9877123814455389
0.7030120366770397
1.886130659395631
0.4486797309685895
0.7787529640386391
2.141867148262517
0.8715971480299961
1.5762476327297437
2.0363395615716677
0.7615383819462476
1.258729114875486
0.5132942961273439
1.8423445767654005
0.2505329564334617
0.12008484829257174
1.9534184632847715
0.8554777307279985
2.0408035259270285
1.7038716390469544
1.2190366407083697
1.2291909965402277
5.894295212994849
1.573916369260377
1.5138823922561016
0.8259244263703569
0.9987407027672345
1.8365742060807053
0.38967549762591114
0.6391813780581774
2.159660500079693
1.0866821323817915
1.5461112706506295
2.0471376449225196
0.7916907643559459
1.1284691850560853
0.5045518560345376
1.8364522561099212
0.20559400454115573
0.0961500052588864
1.8261747384953098
0.8686505382770474
2.0777931953696975
1.5442637841126305
1.1362811353473101
1.2987511584132123
5.794707742266536
1.4285992929289195
1.5204383636133458
0.9316037221750295
0.8897319533118585
1.9200500824800095
0.536871305990432
0.660628488425693
1.9794744790221683
1.0812929728032061
1.3984981311521312
1.8750325440518232
0.7845425556581639
1.0891548738725185
0.6950701347131006
1.9323733499146853
0.34255463274090725
0.1501809946202185
1.8854158053285186
0.6228766309163823
1.974049809504485
1.4314195886590784
1.109903152466172
1.4850501991769454
5.76323428767981
1.5750505074092576
3.5374187827815184
2.700361664182811
2.7964713029599784
3.8326632344855573
1.8053676554075688
1.9657466778955062
3.703532207943488
2.4393979589311217
2.8608537378533354
2.944097883479775
2.5230063820804514
2.436341861276413
2.221790110722621
3.308099030728231
1.777548045781927
1.9225144302588328
3.652354217481315
2.4298918730233803
3.231542967303188
2.761774031730039
2.377829019790494
1.4620494805231234
5.590686187789984
1.4032438024855962
1.5340385833430932
0.9613917391489846
1.000005706738433
1.94599641583135
0.33279611313150476
0.7351079381790093
2.0383024543335964
0.9644965912179568
1.5135029360711727
1.8608535354953981
0.7062024961388044
1.2216643567234136
0.5441568789393363
1.9341514738219627
0.2011211172008378
0.2019147319074029
1.7634390869837469
0.6801341388140623
2.1016311196175885
1.5680083460989562
1.1586037046321285
1.4665080100018866
5.788144256616901
1.6025839964731694
1.6140175984880778
0.9653168919194457
0.8392307597130263
1.9992432679729082
0.2399993856643575
0.5911380059799193
2.1858464307530237
0.8097731093572732
1.5547540080354305
1.97222811041526
0.8385690075565528
1.3612306604638431
0.6300972728301395
1.9427663521888996
0.37951148297474524
0.10876288537433387
1.692037891082013
0.7280438240584111
2.0510655236744717
1.5853688106295016
1.1748990155138055
1.2817505701091028
5.662399218818403
1.5439243436985952
1.4482991264903298
0.9936391634518656
0.9768622555644142
1.9916260913521684
0.3650532509784683
0.5950689350549774
2.015562921602831
0.8212267221632752
1.6703688179983285
1.9479843268473198
0.8077132014851849
1.3130724353937422
0.7131085168523743
1.8636774773113194
0.22407138009960836
0.16326831753722154
1.6760994428924636
0.8438878504973545
1.8994631456583912
1.4511325572988938
1.1125817364739627
1.4865929213587437
5.701633777239833
1.45571245195741
1.5256948985793235
0.7871388528586348
0.7084124933567024
2.06513865118575
0.3858073197361842
0.737084975793219
2.156448233675747
1.089309702033959
1.6019750181099996
2.0436853456717414
0.6492745671453286
1.2518708363389957
0.5933799566659625
1.816227270863043
0.41402789692916436
0.2479324348008964
1.945305349150434
0.7074828214275439
2.161628166270183
1.5743088954703326
1.2668193473090934
1.410830335995424
5.619002705312532
1.56483747153083
1.5463099497498187
0.7977313983089915
0.7024957603521623
2.1265064253819355
0.3547550340364467
0.7144735855264219
2.1987178129143077
0.8013378855450316
1.5972580400218221
2.1068052562235415
0.7060870951856348
1.1402756607719446
0.7054446010136367
1.7268855586453238
0.15438238632487722
0.2149766833535063
1.7311890088524824
0.8815086367660707
2.047610936887011
1.6429064949369327
1.1639199610813098
1.322029003906742
5.8184337415606615
1.2926932248081668
1.3804334026379674
0.6686215816884613
0.6811505361848205
1.808439052161835
0.21805988177585744
0.4751435955715928
1.8684698066488428
0.785873637136602
1.3380103563653576
1.7983591696484895
0.5639380292677119
1.0494031439578557
0.4677261347510322
1.6251671648329125
0.15311974328181654
0.08413138757227068
1.6680006431470984
0.6190351434149222
1.838854057377712
1.3920881532722176
1.0566955422694293
1.1977176056966006
5.56778531680379
1.3293261514109553
1.4059363544186605
0.7365611913569797
0.9263603055144761
2.005138412995997
0.49550744803331287
0.6577238085855325
2.1786391993567866
0.8921427408017439
1.4778664759590894
2.007443581315562
0.5966360702187529
1.1548597314942028
0.611270201332981
1.852254356377409
0.209065329856444
0.3499937964995835
1.868665231638965
0.7907771912429779
2.1540322305438733
1.4128253864868572
1.2774120975123786
1.4218553042053588
5.6285999010321595
1.578663671049261
1.48814313944268
0.9877123814455389
0.7030120366770397
1.886130659395631
0.4486797309685895
0.7787529640386391
2.141867148262517
0.8715971480299961
1.5762476327297437
2.0363395615716677
0.7615383819462476
1.258729114875486
0.5132942961273439
1.8423445767654005
0.2505329564334617
0.12008484829257174
1.9534184632847715
0.8554777307279985
2.0408035259270285
1.7038716390469544
1.2190366407083697
1.2291909965402277
5.894295212994849
1.573916369260377
1.5138823922561016
0.8259244263703569
0.9987407027672345
1.8365742060807053
0.38967549762591114
0.6391813780581774
2.159660500079693
1.0866821323817915
1.5461112706506295
2.0471376449225196
0.7916907643559459
1.1284691850560853
0.5045518560345376
1.8364522561099212
0.20559400454115573
0.0961500052588864
1.8261747384953098
0.8686505382770474
2.0777931953696975
1.5442637841126305
1.1362811353473101
1.2987511584132123
5.794707742266536
1.4285992929289195
1.5204383636133458
0.9316037221750295
0.8897319533118585
1.9200500824800095
0.536871305990432
0.660628488425693
1.9794744790221683
1.0812929728032061
1.3984981311521312
1.8750325440518232
0.7845425556581639
1.0891548738725185
0.6950701347131006
1.9323733499146853
0.34255463274090725
0.1501809946202185
1.8854158053285186
0.6228766309163823
1.974049809504485
1.4314195886590784
1.109903152466172
1.4850501991769454
5.76323428767981
1.5750505074092576
3.5374187827815184
2.700361664182811
2.7964713029599784
3.8326632344855573
1.8053676554075688
1.9657466778955062
3.703532207943488
2.4393979589311217
2.8608537378533354
2.944097883479775
2.5230063820804514
2.436341861276413
2.221790110722621
3.308099030728231
1.777548045781927
1.9225144302588328
3.652354217481315
2.4298918730233803
3.231542967303188
2.761774031730039
2.377829019790494
1.4620494805231234
5.590686187789984
1.4032438024855962
1.5340385833430932
0.9613917391489846
1.000005706738433
1.94599641583135
0.33279611313150476
0.7351079381790093
2.0383024543335964
0.9644965912179568
1.5135029360711727
1.8608535354953981
0.7062024961388044
1.2216643567234136
0.5441568789393363
1.9341514738219627
0.2011211172008378
0.2019147319074029
1.7634390869837469
0.6801341388140623
2.1016311196175885
1.5680083460989562
1.1586037046321285
1.4665080100018866
5.788144256616901
1.6025839964731694
1.6140175984880778
0.9653168919194457
0.8392307597130263
1.9992432679729082
0.2399993856643575
0.5911380059799193
2.1858464307530237
0.8097731093572732
1.5547540080354305
1.97222811041526
0.8385690075565528
1.3612306604638431
0.6300972728301395
1.9427663521888996
0.37951148297474524
0.10876288537433387
1.692037891082013
0.7280438240584111
2.0510655236744717
1.5853688106295016
1.1748990155138055
1.2817505701091028
5.662399218818403
1.5439243436985952
1.4482991264903298
0.9936391634518656
0.9768622555644142
1.9916260913521684
0.3650532509784683
0.5950689350549774
2.015562921602831
0.8212267221632752
1.6703688179983285
1.9479843268473198
0.8077132014851849
1.3130724353937422
0.7131085168523743
1.8636774773113194
0.22407138009960836
0.16326831753722154
1.6760994428924636
0.8438878504973545
1.8994631456583912
1.4511325572988938
1.1125817364739627
1.4865929213587437
5.701633777239833
1.45571245195741
1.5256948985793235
0.7871388528586348
0.7084124933567024
2.06513865118575
0.3858073197361842
0.737084975793219
2.156448233675747
1.089309702033959
1.6019750181099996
2.0436853456717414
0.6492745671453286
1.2518708363389957
0.5933799566659625
1.816227270863043
0.41402789692916436
0.2479324348008964
1.945305349150434
0.7074828214275439
2.161628166270183
1.5743088954703326
1.2668193473090934
1.410830335995424
5.619002705312532
1.56483747153083
1.5463099497498187
0.7977313983089915
0.7024957603521623
2.1265064253819355
0.3547550340364467
0.7144735855264219
2.1987178129143077
0.8013378855450316
1.5972580400218221
2.1068052562235415
0.7060870951856348
1.1402756607719446
0.7054446010136367
1.7268855586453238
0.15438238632487722
0.2149766833535063
1.7311890088524824
0.8815086367660707
2.047610936887011
1.6429064949369327
1.1639199610813098
1.322029003906742
5.8184337415606615
1.2926932248081668
1.3804334026379674
0.6686215816884613
0.6811505361848205
1.808439052161835
0.21805988177585744
0.4751435955715928
1.8684698066488428
0.785873637136602
1.3380103563653576
1.7983591696484895
0.5639380292677119
1.0494031439578557
0.4677261347510322
1.6251671648329125
0.15311974328181654
0.08413138757227068
1.6680006431470984
0.6190351434149222
1.838854057377712
1.3920881532722176
1.0566955422694293
1.1977176056966006
5.56778531680379
1.3293261514109553
1.4059363544186605
0.7365611913569797
0.9263603055144761
2.005138412995997
0.49550744803331287
0.6577238085855325
2.1786391993567866
0.8921427408017439
1.4778664759590894
2.007443581315562
0.5966360702187529
1.1548597314942028
0.611270201332981
1.852254356377409
0.209065329856444
0.3499937964995835
1.868665231638965
0.7907771912429779
2.1540322305438733
1.4128253864868572
1.2774120975123786
1.4218553042053588
5.6285999010321595
1.578663671049261
1.48814313944268
0.9877123814455389
0.7030120366770397
1.886130659395631
0.4486797309685895
0.7787529640386391
2.141867148262517
0.8715971480299961
1.5762476327297437
2.0363395615716677
0.7615383819462476
1.258729114875486
0.5132942961273439
1.8423445767654005
0.2505329564334617
0.12008484829257174
1.9534184632847715
0.8554777307279985
2.0408035259270285
1.7038716390469544
1.2190366407083697
1.2291909965402277
5.894295212994849
1.573916369260377
1.5138823922561016
0.8259244263703569
0.9987407027672345
1.8365742060807053
0.38967549762591114
0.6391813780581774
2.159660500079693
1.0866821323817915
1.5461112706506295
2.0471376449225196
0.7916907643559459
1.1284691850560853
0.5045518560345376
1.8364522561099212
0.20559400454115573
0.0961500052588864
1.8261747384953098
0.8686505382770474
2.0777931953696975
1.5442637841126305
1.1362811353473101
1.2987511584132123
5.794707742266536
1.4285992929289195
1.5204383636133458
0.9316037221750295
0.8897319533118585
1.9200500824800095
0.536871305990432
0.660628488425693
1.9794744790221683
1.0812929728032061
1.3984981311521312
1.8750325440518232
0.7845425556581639
1.0891548738725185
0.6950701347131006
1.9323733499146853
0.34255463274090725
0.1501809946202185
1.8854158053285186
0.6228766309163823
1.974049809504485
1.4314195886590784
1.109903152466172
1.4850501991769454
5.76323428767981
1.5750505074092576
3.5374187827815184
2.700361664182811
2.7964713029599784
3.8326632344855573
1.8053676554075688
1.9657466778955062
3.703532207943488
2.4393979589311217
2.8608537378533354
2.944097883479775
2.5230063820804514
2.436341861276413
2.221790110722621
3.308099030728231
1.777548045781927
1.9225144302588328
3.652354217481315
2.4298918730233803
3.231542967303188
2.761774031730039
2.377829019790494
1.4620494805231234
5.590686187789984
1.4032438024855962
1.5340385833430932
0.9613917391489846
1.000005706738433
1.94599641583135
0.33279611313150476
0.7351079381790093
2.0383024543335964
0.9644965912179568
1.5135029360711727
1.8608535354953981
0.7062024961388044
1.2216643567234136
0.5441568789393363
1.9341514738219627
0.2011211172008378
0.2019147319074029
1.7634390869837469
0.6801341388140623
2.1016311196175885
1.5680083460989562
1.1586037046321285
1.4665080100018866
5.788144256616901
1.6025839964731694
1.6140175984880778
0.9653168919194457
0.8392307597130263
1.9992432679729082
0.2399993856643575
0.5911380059799193
2.1858464307530237
0.8097731093572732
1.5547540080354305
1.97222811041526
0.8385690075565528
1.3612306604638431
0.6300972728301395
1.9427663521888996
0.37951148297474524
0.10876288537433387
1.692037891082013
0.7280438240584111
2.0510655236744717
1.5853688106295016
1.1748990155138055
1.2817505701091028
5.662399218818403
1.5439243436985952
1.4482991264903298
0.9936391634518656
0.9768622555644142
1.9916260913521684
0.3650532509784683
0.5950689350549774
2.015562921602831
0.8212267221632752
1.6703688179983285
1.9479843268473198
0.8077132014851849
1.3130724353937422
0.7131085168523743
1.8636774773113194
0.22407138009960836
0.16326831753722154
1.6760994428924636
0.8438878504973545
1.8994631456583912
1.4511325572988938
1.1125817364739627
1.4865929213587437
5.701633777239833
1.45571245195741
1.5256948985793235
0.7871388528586348
0.7084124933567024
2.06513865118575
0.3858073197361842
0.737084975793219
2.156448233675747
1.089309702033959
1.6019750181099996
2.0436853456717414
0.6492745671453286
1.2518708363389957
0.5933799566659625
1.816227270863043
0.41402789692916436
0.2479324348008964
1.945305349150434
0.7074828214275439
2.161628166270183
1.5743088954703326
1.2668193473090934
1.410830335995424
5.619002705312532
1.56483747153083
1.5463099497498187
0.7977313983089915
0.7024957603521623
2.1265064253819355
0.3547550340364467
0.7144735855264219
2.1987178129143077
0.8013378855450316
1.5972580400218221
2.1068052562235415
0.7060870951856348
1.1402756607719446
0.7054446010136367
1.7268855586453238
0.15438238632487722
0.2149766833535063
1.7311890088524824
0.8815086367660707
2.047610936887011
1.6429064949369327
1.1639199610813098
1.322029003906742
5.8184337415606615
1.2926932248081668
1.3804334026379674
0.6686215816884613
0.6811505361848205
1.808439052161835
0.21805988177585744
0.4751435955715928
1.8684698066488428
0.785873637136602
1.3380103563653576
1.7983591696484895
0.5639380292677119
1.0494031439578557
0.4677261347510322
1.6251671648329125
0.15311974328181654
0.08413138757227068
1.6680006431470984
0.6190351434149222
1.838854057377712
1.3920881532722176
1.0566955422694293
1.1977176056966006
5.56778531680379
1.3293261514109553
1.4059363544186605
0.7365611913569797
0.9263603055144761
2.005138412995997
0.49550744803331287
0.6577238085855325
2.1786391993567866
0.8921427408017439
1.4778664759590894
2.007443581315562
0.5966360702187529
1.1548597314942028
0.611270201332981
1.852254356377409
0.209065329856444
0.3499937964995835
1.868665231638965
0.7907771912429779
2.1540322305438733
1.4128253864868572
1.2774120975123786
1.4218553042053588
5.6285999010321595
1.578663671049261
1.48814313944268
0.9877123814455389
0.7030120366770397
1.886130659395631
0.4486797309685895
0.7787529640386391
2.141867148262517
0.8715971480299961
1.5762476327297437
2.0363395615716677
0.7615383819462476
1.258729114875486
0.5132942961273439
1.8423445767654005
0.2505329564334617
0.12008484829257174
1.9534184632847715
0.8554777307279985
2.0408035259270285
1.7038716390469544
1.2190366407083697
1.2291909965402277
5.894295212994849
1.573916369260377
1.5138823922561016
0.8259244263703569
0.9987407027672345
1.8365742060807053
0.38967549762591114
0.6391813780581774
2.159660500079693
1.0866821323817915
1.5461112706506295
2.0471376449225196
0.7916907643559459
1.1284691850560853
0.5045518560345376
1.8364522561099212
0.20559400454115573
0.0961500052588864
1.8261747384953098
0.8686505382770474
2.0777931953696975
1.5442637841126305
1.1362811353473101
1.2987511584132123
5.794707742266536
1.4285992929289195
1.5204383636133458
0.9316037221750295
0.8897319533118585
1.9200500824800095
0.536871305990432
0.660628488425693
1.9794744790221683
1.0812929728032061
1.3984981311521312
1.8750325440518232
0.7845425556581639
1.0891548738725185
0.6950701347131006
1.9323733499146853
0.34255463274090725
0.1501809946202185
1.8854158053285186
0.6228766309163823
1.974049809504485
1.4314195886590784
1.109903152466172
1.4850501991769454
5.76323428767981
1.5750505074092576
3.5374187827815184
2.700361664182811
2.7964713029599784
3.8326632344855573
1.8053676554075688
1.9657466778955062
3.703532207943488
2.4393979589311217
2.8608537378533354
2.944097883479775
2.5230063820804514
2.436341861276413
2.221790110722621
3.308099030728231
1.777548045781927
1.9225144302588328
3.652354217481315
2.4298918730233803
3.231542967303188
2.761774031730039
2.377829019790494
1.4620494805231234
5.590686187789984
1.4032438024855962
1.5340385833430932
0.9613917391489846
1.000005706738433
1.94599641583135
0.33279611313150476
0.7351079381790093
2.0383024543335964
0.9644965912179568
1.5135029360711727
1.8608535354953981
0.7062024961388044
1.2216643567234136
0.5441568789393363
1.9341514738219627
0.2011211172008378
0.2019147319074029
1.7634390869837469
0.6801341388140623
2.1016311196175885
1.5680083460989562
1.1586037046321285
1.4665080100018866
5.788144256616901
1.6025839964731694
1.6140175984880778
0.9653168919194457
0.8392307597130263
1.9992432679729082
0.2399993856643575
0.5911380059799193
2.1858464307530237
0.8097731093572732
1.5547540080354305
1.97222811041526
0.8385690075565528
1.3612306604638431
0.6300972728301395
1.9427663521888996
0.37951148297474524
0.10876288537433387
1.692037891082013
0.7280438240584111
2.0510655236744717
1.5853688106295016
1.1748990155138055
1.2817505701091028
5.662399218818403
1.5439243436985952
1.4482991264903298
0.9936391634518656
0.9768622555644142
1.9916260913521684
0.3650532509784683
0.5950689350549774
2.015562921602831
0.8212267221632752
1.6703688179983285
1.9479843268473198
0.8077132014851849
1.3130724353937422
0.7131085168523743
1.8636774773113194
0.22407138009960836
0.16326831753722154
1.6760994428924636
0.8438878504973545
1.8994631456583912
1.4511325572988938
1.1125817364739627
1.4865929213587437
5.701633777239833
1.45571245195741
1.5256948985793235
0.7871388528586348
0.7084124933567024
2.06513865118575
0.3858073197361842
0.737084975793219
2.156448233675747
1.089309702033959
1.6019750181099996
2.0436853456717414
0.6492745671453286
1.2518708363389957
0.5933799566659625
1.816227270863043
0.41402789692916436
0.2479324348008964
1.945305349150434
0.7074828214275439
2.161628166270183
1.5743088954703326
1.2668193473090934
1.410830335995424
5.619002705312532
1.56483747153083
1.5463099497498187
0.7977313983089915
0.7024957603521623
2.1265064253819355
0.3547550340364467
0.7144735855264219
2.1987178129143077
0.8013378855450316
1.5972580400218221
2.1068052562235415
0.7060870951856348
1.1402756607719446
0.7054446010136367
1.7268855586453238
0.15438238632487722
0.2149766833535063
1.7311890088524824
0.8815086367660707
2.047610936887011
1.6429064949369327
1.1639199610813098
1.322029003906742
5.8184337415606615
1.2926932248081668
1.3804334026379674
0.6686215816884613
0.6811505361848205
1.808439052161835
0.21805988177585744
0.4751435955715928
1.8684698066488428
0.785873637136602
1.3380103563653576
1.7983591696484895
0.5639380292677119
1.0494031439578557
0.4677261347510322
1.6251671648329125
0.15311974328181654
0.08413138757227068
1.6680006431470984
0.6190351434149222
1.838854057377712
1.3920881532722176
1.0566955422694293
1.1977176056966006
5.56778531680379
1.3293261514109553
1.4059363544186605
0.7365611913569797
0.9263603055144761
2.005138412995997
0.49550744803331287
0.6577238085855325
2.1786391993567866
0.8921427408017439
1.4778664759590894
2.007443581315562
0.5966360702187529
1.1548597314942028
0.611270201332981
1.852254356377409
0.209065329856444
0.3499937964995835
1.868665231638965
0.7907771912429779
2.1540322305438733
1.4128253864868572
1.2774120975123786
1.4218553042053588
5.6285999010321595
1.578663671049261
1.48814313944268
0.9877123814455389
0.7030120366770397
1.886130659395631
0.4486797309685895
0.7787529640386391
2.141867148262517
0.8715971480299961
1.5762476327297437
2.0363395615716677
0.7615383819462476
1.258729114875486
0.5132942961273439
1.8423445767654005
0.2505329564334617
0.12008484829257174
1.9534184632847715
0.8554777307279985
2.0408035259270285
1.7038716390469544
1.2190366407083697
1.2291909965402277
5.894295212994849
1.573916369260377
1.5138823922561016
0.8259244263703569
0.9987407027672345
1.8365742060807053
0.38967549762591114
0.6391813780581774
2.159660500079693
1.0866821323817915
1.5461112706506295
2.0471376449225196
0.7916907643559459
1.1284691850560853
0.5045518560345376
1.8364522561099212
0.20559400454115573
0.0961500052588864
1.8261747384953098
0.8686505382770474
2.0777931953696975
1.5442637841126305
1.1362811353473101
1.2987511584132123
5.794707742266536
1.4285992929289195
1.5204383636133458
0.9316037221750295
0.8897319533118585
1.9200500824800095
0.536871305990432
0.660628488425693
1.9794744790221683
1.0812929728032061
1.3984981311521312
1.8750325440518232
0.7845425556581639
1.0891548738725185
0.6950701347131006
1.9323733499146853
0.34255463274090725
0.1501809946202185
1.8854158053285186
0.6228766309163823
1.974049809504485
1.4314195886590784
1.109903152466172
1.4850501991769454
5.76323428767981
1.5750505074092576
3.5374187827815184
2.700361664182811
2.7964713029599784
3.8326632344855573
1.8053676554075688
1.9657466778955062
3.703532207943488
2.4393979589311217
2.8608537378533354
2.944097883479775
2.5230063820804514
2.436341861276413
2.221790110722621
3.308099030728231
1.777548045781927
1.9225144302588328
3.652354217481315
2.4298918730233803
3.231542967303188
2.761774031730039
2.377829019790494
1.4620494805231234
5.590686187789984
1.4032438024855962
1.5340385833430932
0.9613917391489846
1.000005706738433
1.94599641583135
0.33279611313150476
0.7351079381790093
2.0383024543335964
0.9644965912179568
1.5135029360711727
1.8608535354953981
0.7062024961388044
1.2216643567234136
0.5441568789393363
1.9341514738219627
0.2011211172008378
0.2019147319074029
1.7634390869837469
0.6801341388140623
2.1016311196175885
1.5680083460989562
1.1586037046321285
1.4665080100018866
5.788144256616901
1.6025839964731694
1.6140175984880778
0.9653168919194457
0.8392307597130263
1.9992432679729082
0.2399993856643575
0.5911380059799193
2.1858464307530237
0.8097731093572732
1.5547540080354305
1.97222811041526
0.8385690075565528
1.3612306604638431
0.6300972728301395
1.9427663521888996
0.37951148297474524
0.10876288537433387
1.692037891082013
0.7280438240584111
2.0510655236744717
1.5853688106295016
1.1748990155138055
1.2817505701091028
5.662399218818403
1.5439243436985952
1.4482991264903298
0.9936391634518656
0.9768622555644142
1.9916260913521684
0.3650532509784683
0.5950689350549774
2.015562921602831
0.8212267221632752
1.6703688179983285
1.9479843268473198
0.8077132014851849
1.3130724353937422
0.7131085168523743
1.8636774773113194
0.22407138009960836
0.16326831753722154
1.6760994428924636
0.8438878504973545
1.8994631456583912
1.4511325572988938
1.1125817364739627
1.4865929213587437
5.701633777239833
1.45571245195741
1.5256948985793235
0.7871388528586348
0.7084124933567024
2.06513865118575
0.3858073197361842
0.737084975793219
2.156448233675747
1.089309702033959
1.6019750181099996
2.0436853456717414
0.6492745671453286
1.2518708363389957
0.5933799566659625
1.816227270863043
0.41402789692916436
0.2479324348008964
1.945305349150434
0.7074828214275439
2.161628166270183
1.5743088954703326
1.2668193473090934
1.410830335995424
5.619002705312532
1.56483747153083
1.5463099497498187
0.7977313983089915
0.7024957603521623
2.1265064253819355
0.3547550340364467
0.7144735855264219
2.1987178129143077
0.8013378855450316
1.5972580400218221
2.1068052562235415
0.7060870951856348
1.1402756607719446
0.7054446010136367
1.7268855586453238
0.15438238632487722
0.2149766833535063
1.7311890088524824
0.8815086367660707
2.047610936887011
1.6429064949369327
1.1639199610813098
1.322029003906742
5.8184337415606615
1.2926932248081668
1.3804334026379674
0.6686215816884613
0.6811505361848205
1.808439052161835
0.21805988177585744
0.4751435955715928
1.8684698066488428
0.785873637136602
1.3380103563653576
1.7983591696484895
0.5639380292677119
1.0494031439578557
0.4677261347510322
1.6251671648329125
0.15311974328181654
0.08413138757227068
1.6680006431470984
0.6190351434149222
1.838854057377712
1.3920881532722176
1.0566955422694293
1.1977176056966006
5.56778531680379
1.3293261514109553
1.4059363544186605
0.7365611913569797
0.9263603055144761
2.005138412995997
0.49550744803331287
0.6577238085855325
2.1786391993567866
0.8921427408017439
1.4778664759590894
2.007443581315562
0.5966360702187529
1.1548597314942028
0.611270201332981
1.852254356377409
0.209065329856444
0.3499937964995835
1.868665231638965
0.7907771912429779
2.1540322305438733
1.4128253864868572
1.2774120975123786
1.4218553042053588
5.6285999010321595
1.578663671049261
1.48814313944268
0.9877123814455389
0.7030120366770397
1.886130659395631
0.4486797309685895
0.7787529640386391
2.141867148262517
0.8715971480299961
1.5762476327297437
2.0363395615716677
0.7615383819462476
1.258729114875486
0.5132942961273439
1.8423445767654005
0.2505329564334617
0.12008484829257174
1.9534184632847715
0.8554777307279985
2.0408035259270285
1.7038716390469544
1.2190366407083697
1.2291909965402277
5.894295212994849
1.573916369260377
1.5138823922561016
0.8259244263703569
0.9987407027672345
1.8365742060807053
0.38967549762591114
0.6391813780581774
2.159660500079693
1.0866821323817915
1.5461112706506295
2.0471376449225196
0.7916907643559459
1.1284691850560853
0.5045518560345376
1.8364522561099212
0.20559400454115573
0.0961500052588864
1.8261747384953098
0.8686505382770474
2.0777931953696975
1.5442637841126305
1.1362811353473101
1.2987511584132123
5.794707742266536
1.4285992929289195
1.5204383636133458
0.9316037221750295
0.8897319533118585
1.9200500824800095
0.536871305990432
0.660628488425693
1.9794744790221683
1.0812929728032061
1.3984981311521312
1.8750325440518232
0.7845425556581639
1.0891548738725185
0.6950701347131006
1.9323733499146853
0.34255463274090725
0.1501809946202185
1.8854158053285186
0.6228766309163823
1.974049809504485
1.4314195886590784
1.109903152466172
1.4850501991769454
5.76323428767981
1.5750505074092576
3.5374187827815184
2.700361664182811
2.7964713029599784
3.8326632344855573
1.8053676554075688
1.9657466778955062
3.703532207943488
2.4393979589311217
2.8608537378533354
2.944097883479775
2.5230063820804514
2.436341861276413
2.221790110722621
3.308099030728231
1.777548045781927
1.9225144302588328
3.652354217481315
2.4298918730233803
3.231542967303188
2.761774031730039
2.377829019790494
1.4620494805231234
5.590686187789984
1.4032438024855962
1.5340385833430932
0.9613917391489846
1.000005706738433
1.94599641583135
0.33279611313150476
0.7351079381790093
2.0383024543335964
0.9644965912179568
1.5135029360711727
1.8608535354953981
0.7062024961388044
1.2216643567234136
0.5441568789393363
1.9341514738219627
0.2011211172008378
0.2019147319074029
1.7634390869837469
0.6801341388140623
2.1016311196175885
1.5680083460989562
1.1586037046321285
1.4665080100018866
5.788144256616901
1.6025839964731694
1.6140175984880778
0.9653168919194457
0.8392307597130263
1.9992432679729082
0.2399993856643575
0.5911380059799193
2.1858464307530237
0.8097731093572732
1.5547540080354305
1.97222811041526
0.8385690075565528
1.3612306604638431
0.6300972728301395
1.9427663521888996
0.37951148297474524
0.10876288537433387
1.692037891082013
0.7280438240584111
2.0510655236744717
1.5853688106295016
1.1748990155138055
1.2817505701091028
5.662399218818403
1.5439243436985952
1.4482991264903298
0.9936391634518656
0.9768622555644142
1.9916260913521684
0.3650532509784683
0.5950689350549774
2.015562921602831
0.8212267221632752
1.6703688179983285
1.9479843268473198
0.8077132014851849
1.3130724353937422
0.7131085168523743
1.8636774773113194
0.22407138009960836
0.16326831753722154
1.6760994428924636
0.8438878504973545
1.8994631456583912
1.4511325572988938
1.1125817364739627
1.4865929213587437
5.701633777239833
1.45571245195741
1.5256948985793235
0.7871388528586348
0.7084124933567024
2.06513865118575
0.3858073197361842
0.737084975793219
2.156448233675747
1.089309702033959
1.6019750181099996
2.0436853456717414
0.6492745671453286
1.2518708363389957
0.5933799566659625
1.816227270863043
0.41402789692916436
0.2479324348008964
1.945305349150434
0.7074828214275439
2.161628166270183
1.5743088954703326
1.2668193473090934
1.410830335995424
5.619002705312532
1.56483747153083
1.5463099497498187
0.7977313983089915
0.7024957603521623
2.1265064253819355
0.3547550340364467
0.7144735855264219
2.1987178129143077
0.8013378855450316
1.5972580400218221
2.1068052562235415
0.7060870951856348
1.1402756607719446
0.7054446010136367
1.7268855586453238
0.15438238632487722
0.2149766833535063
1.7311890088524824
0.8815086367660707
2.047610936887011
1.6429064949369327
1.1639199610813098
1.322029003906742
5.8184337415606615
1.2926932248081668
1.3804334026379674
0.6686215816884613
0.6811505361848205
1.808439052161835
0.21805988177585744
0.4751435955715928
1.8684698066488428
0.785873637136602
1.3380103563653576
1.7983591696484895
0.5639380292677119
1.0494031439578557
0.4677261347510322
1.6251671648329125
0.15311974328181654
0.08413138757227068
1.6680006431470984
0.6190351434149222
1.838854057377712
1.3920881532722176
1.0566955422694293
1.1977176056966006
5.56778531680379
1.3293261514109553
1.4059363544186605
0.7365611913569797
0.9263603055144761
2.005138412995997
0.49550744803331287
0.6577238085855325
2.1786391993567866
0.8921427408017439
1.4778664759590894
2.007443581315562
0.5966360702187529
1.1548597314942028
0.611270201332981
1.852254356377409
0.209065329856444
0.3499937964995835
1.868665231638965
0.7907771912429779
2.1540322305438733
1.4128253864868572
1.2774120975123786
1.4218553042053588
5.6285999010321595
1.578663671049261
1.48814313944268
0.9877123814455389
0.7030120366770397
1.886130659395631
0.4486797309685895
0.7787529640386391
2.141867148262517
0.8715971480299961
1.5762476327297437
2.0363395615716677
0.7615383819462476
1.258729114875486
0.5132942961273439
1.8423445767654005
0.2505329564334617
0.12008484829257174
1.9534184632847715
0.8554777307279985
2.0408035259270285
1.7038716390469544
1.2190366407083697
1.2291909965402277
5.894295212994849
1.573916369260377
1.5138823922561016
0.8259244263703569
0.9987407027672345
1.8365742060807053
0.38967549762591114
0.6391813780581774
2.159660500079693
1.0866821323817915
1.5461112706506295
2.0471376449225196
0.7916907643559459
1.1284691850560853
0.5045518560345376
1.8364522561099212
0.20559400454115573
0.0961500052588864
1.8261747384953098
0.8686505382770474
2.0777931953696975
1.5442637841126305
1.1362811353473101
1.2987511584132123
5.794707742266536
1.4285992929289195
1.5204383636133458
0.9316037221750295
0.8897319533118585
1.9200500824800095
0.536871305990432
0.660628488425693
1.9794744790221683
1.0812929728032061
1.3984981311521312
1.8750325440518232
0.7845425556581639
1.0891548738725185
0.6950701347131006
1.9323733499146853
0.34255463274090725
0.1501809946202185
1.8854158053285186
0.6228766309163823
1.974049809504485
1.4314195886590784
1.109903152466172
1.4850501991769454
5.76323428767981
1.5750505074092576
3.5374187827815184
2.700361664182811
2.7964713029599784
3.8326632344855573
1.8053676554075688
1.9657466778955062
3.703532207943488
2.4393979589311217
2.8608537378533354
2.944097883479775
2.5230063820804514
2.436341861276413
2.221790110722621
3.308099030728231
1.777548045781927
1.9225144302588328
3.652354217481315
2.4298918730233803
3.231542967303188
2.761774031730039
2.377829019790494
1.4620494805231234
5.590686187789984
1.4032438024855962
1.5340385833430932
0.9613917391489846
1.000005706738433
1.94599641583135
0.33279611313150476
0.7351079381790093
2.0383024543335964
0.9644965912179568
1.5135029360711727
1.8608535354953981
0.7062024961388044
1.2216643567234136
0.5441568789393363
1.9341514738219627
0.2011211172008378
0.2019147319074029
1.7634390869837469
0.6801341388140623
2.1016311196175885
1.5680083460989562
1.1586037046321285
1.4665080100018866
5.788144256616901
1.6025839964731694
1.6140175984880778
0.9653168919194457
0.8392307597130263
1.9992432679729082
0.2399993856643575
0.5911380059799193
2.1858464307530237
0.8097731093572732
1.5547540080354305
1.97222811041526
0.8385690075565528
1.3612306604638431
0.6300972728301395
1.9427663521888996
0.37951148297474524
0.10876288537433387
1.692037891082013
0.7280438240584111
2.0510655236744717
1.5853688106295016
1.1748990155138055
1.2817505701091028
5.662399218818403
1.5439243436985952
1.4482991264903298
0.9936391634518656
0.9768622555644142
1.9916260913521684
0.3650532509784683
0.5950689350549774
2.015562921602831
0.8212267221632752
1.6703688179983285
1.9479843268473198
0.8077132014851849
1.3130724353937422
0.7131085168523743
1.8636774773113194
0.22407138009960836
0.16326831753722154
1.6760994428924636
0.8438878504973545
1.8994631456583912
1.4511325572988938
1.1125817364739627
1.4865929213587437
5.701633777239833
1.45571245195741
1.5256948985793235
0.7871388528586348
0.7084124933567024
2.06513865118575
0.3858073197361842
0.737084975793219
2.156448233675747
1.089309702033959
1.6019750181099996
2.0436853456717414
0.6492745671453286
1.2518708363389957
0.5933799566659625
1.816227270863043
0.41402789692916436
0.2479324348008964
1.945305349150434
0.7074828214275439
2.161628166270183
1.5743088954703326
1.2668193473090934
1.410830335995424
5.619002705312532
1.56483747153083
1.5463099497498187
0.7977313983089915
0.7024957603521623
2.1265064253819355
0.3547550340364467
0.7144735855264219
2.1987178129143077
0.8013378855450316
1.5972580400218221
2.1068052562235415
0.7060870951856348
1.1402756607719446
0.7054446010136367
1.7268855586453238
0.15438238632487722
0.2149766833535063
1.7311890088524824
0.8815086367660707
2.047610936887011
1.6429064949369327
1.1639199610813098
1.322029003906742
5.8184337415606615
1.2926932248081668
1.3804334026379674
0.6686215816884613
0.6811505361848205
1.808439052161835
0.21805988177585744
0.4751435955715928
1.8684698066488428
0.785873637136602
1.3380103563653576
1.7983591696484895
0.5639380292677119
1.0494031439578557
0.4677261347510322
1.6251671648329125
0.15311974328181654
0.08413138757227068
1.6680006431470984
0.6190351434149222
1.838854057377712
1.3920881532722176
1.0566955422694293
1.1977176056966006
5.56778531680379
1.3293261514109553
1.4059363544186605
0.7365611913569797
0.9263603055144761
2.005138412995997
0.49550744803331287
0.6577238085855325
2.1786391993567866
0.8921427408017439
1.4778664759590894
2.007443581315562
0.5966360702187529
1.1548597314942028
0.611270201332981
1.852254356377409
0.209065329856444
0.3499937964995835
1.868665231638965
0.7907771912429779
2.1540322305438733
1.4128253864868572
1.2774120975123786
1.4218553042053588
5.6285999010321595
1.578663671049261
1.48814313944268
0.9877123814455389
0.7030120366770397
1.886130659395631
0.4486797309685895
0.7787529640386391
2.141867148262517
0.8715971480299961
1.5762476327297437
2.0363395615716677
0.7615383819462476
1.258729114875486
0.5132942961273439
1.8423445767654005
0.2505329564334617
0.12008484829257174
1.9534184632847715
0.8554777307279985
2.0408035259270285
1.7038716390469544
1.2190366407083697
1.2291909965402277
5.894295212994849
1.573916369260377
1.5138823922561016
0.8259244263703569
0.9987407027672345
1.8365742060807053
0.38967549762591114
0.6391813780581774
2.159660500079693
1.0866821323817915
1.5461112706506295
2.0471376449225196
0.7916907643559459
1.1284691850560853
0.5045518560345376
1.8364522561099212
0.20559400454115573
0.0961500052588864
1.8261747384953098
0.8686505382770474
2.0777931953696975
1.5442637841126305
1.1362811353473101
1.2987511584132123
5.794707742266536
1.4285992929289195
1.5204383636133458
0.9316037221750295
0.8897319533118585
1.9200500824800095
0.536871305990432
0.660628488425693
1.9794744790221683
1.0812929728032061
1.3984981311521312
1.8750325440518232
0.7845425556581639
1.0891548738725185
0.6950701347131006
1.9323733499146853
0.34255463274090725
0.1501809946202185
1.8854158053285186
0.6228766309163823
1.974049809504485
1.4314195886590784
1.109903152466172
1.4850501991769454
5.76323428767981
1.5750505074092576
3.5374187827815184
2.700361664182811
2.7964713029599784
3.8326632344855573
1.8053676554075688
1.9657466778955062
3.703532207943488
2.4393979589311217
2.8608537378533354
2.944097883479775
2.5230063820804514
2.436341861276413
2.221790110722621
3.308099030728231
1.777548045781927
1.9225144302588328
3.652354217481315
2.4298918730233803
3.231542967303188
2.761774031730039
2.377829019790494
1.4620494805231234
5.590686187789984
1.4032438024855962
1.5340385833430932
0.9613917391489846
1.000005706738433
1.94599641583135
0.33279611313150476
0.7351079381790093
2.0383024543335964
0.9644965912179568
1.5135029360711727
1.8608535354953981
0.7062024961388044
1.2216643567234136
0.5441568789393363
1.9341514738219627
0.2011211172008378
0.2019147319074029
1.7634390869837469
0.6801341388140623
2.1016311196175885
1.5680083460989562
1.1586037046321285
1.4665080100018866
5.788144256616901
1.6025839964731694
1.6140175984880778
0.9653168919194457
0.8392307597130263
1.9992432679729082
0.2399993856643575
0.5911380059799193
2.1858464307530237
0.8097731093572732
1.5547540080354305
1.97222811041526
0.8385690075565528
1.3612306604638431
0.6300972728301395
1.9427663521888996
0.37951148297474524
0.10876288537433387
1.692037891082013
0.7280438240584111
2.0510655236744717
1.5853688106295016
1.1748990155138055
1.2817505701091028
5.662399218818403
1.5439243436985952
1.4482991264903298
0.9936391634518656
0.9768622555644142
1.9916260913521684
0.3650532509784683
0.5950689350549774
2.015562921602831
0.8212267221632752
1.6703688179983285
1.9479843268473198
0.8077132014851849
1.3130724353937422
0.7131085168523743
1.8636774773113194
0.22407138009960836
0.16326831753722154
1.6760994428924636
0.8438878504973545
1.8994631456583912
1.4511325572988938
1.1125817364739627
1.4865929213587437
5.701633777239833
1.45571245195741
1.5256948985793235
0.7871388528586348
0.7084124933567024
2.06513865118575
0.3858073197361842
0.737084975793219
2.156448233675747
1.089309702033959
1.6019750181099996
2.0436853456717414
0.6492745671453286
1.2518708363389957
0.5933799566659625
1.816227270863043
0.41402789692916436
0.2479324348008964
1.945305349150434
0.7074828214275439
2.161628166270183
1.5743088954703326
1.2668193473090934
1.410830335995424
5.619002705312532
1.56483747153083
1.5463099497498187
0.7977313983089915
0.7024957603521623
2.1265064253819355
0.3547550340364467
0.7144735855264219
2.1987178129143077
0.8013378855450316
1.5972580400218221
2.1068052562235415
0.7060870951856348
1.1402756607719446
0.7054446010136367
1.7268855586453238
0.15438238632487722
0.2149766833535063
1.7311890088524824
0.8815086367660707
2.047610936887011
1.6429064949369327
1.1639199610813098
1.322029003906742
5.8184337415606615
1.2926932248081668
1.3804334026379674
0.6686215816884613
0.6811505361848205
1.808439052161835
0.21805988177585744
0.4751435955715928
1.8684698066488428
0.785873637136602
1.3380103563653576
1.7983591696484895
0.5639380292677119
1.0494031439578557
0.4677261347510322
1.6251671648329125
0.15311974328181654
0.08413138757227068
1.6680006431470984
0.6190351434149222
1.838854057377712
1.3920881532722176
1.0566955422694293
1.1977176056966006
5.56778531680379
1.3293261514109553
1.4059363544186605
0.7365611913569797
0.9263603055144761
2.005138412995997
0.49550744803331287
0.6577238085855325
2.1786391993567866
0.8921427408017439
1.4778664759590894
2.007443581315562
0.5966360702187529
1.1548597314942028
0.611270201332981
1.852254356377409
0.209065329856444
0.3499937964995835
1.868665231638965
0.7907771912429779
2.1540322305438733
1.4128253864868572
1.2774120975123786
1.4218553042053588
5.6285999010321595
1.578663671049261
1.48814313944268
0.9877123814455389
0.7030120366770397
1.886130659395631
0.4486797309685895
0.7787529640386391
2.141867148262517
0.8715971480299961
1.5762476327297437
2.0363395615716677
0.7615383819462476
1.258729114875486
0.5132942961273439
1.8423445767654005
0.2505329564334617
0.12008484829257174
1.9534184632847715
0.8554777307279985
2.0408035259270285
1.7038716390469544
1.2190366407083697
1.2291909965402277
5.894295212994849
1.573916369260377
1.5138823922561016
0.8259244263703569
0.9987407027672345
1.8365742060807053
0.38967549762591114
0.6391813780581774
2.159660500079693
1.0866821323817915
1.5461112706506295
2.0471376449225196
0.7916907643559459
1.1284691850560853
0.5045518560345376
1.8364522561099212
0.20559400454115573
0.0961500052588864
1.8261747384953098
0.8686505382770474
2.0777931953696975
1.5442637841126305
1.1362811353473101
1.2987511584132123
5.794707742266536
1.4285992929289195
1.5204383636133458
0.9316037221750295
0.8897319533118585
1.9200500824800095
0.536871305990432
0.660628488425693
1.9794744790221683
1.0812929728032061
1.3984981311521312
1.8750325440518232
0.7845425556581639
1.0891548738725185
0.6950701347131006
1.9323733499146853
0.34255463274090725
0.1501809946202185
1.8854158053285186
0.6228766309163823
1.974049809504485
1.4314195886590784
1.109903152466172
1.4850501991769454
5.76323428767981
1.5750505074092576
3.5374187827815184
2.700361664182811
2.7964713029599784
3.8326632344855573
1.8053676554075688
1.9657466778955062
3.703532207943488
2.4393979589311217
2.8608537378533354
2.944097883479775
2.5230063820804514
2.436341861276413
2.221790110722621
3.308099030728231
1.777548045781927
1.9225144302588328
3.652354217481315
2.4298918730233803
3.231542967303188
2.761774031730039
2.377829019790494
1.4620494805231234
5.590686187789984
1.4032438024855962
1.5340385833430932
0.9613917391489846
1.000005706738433
1.94599641583135
0.33279611313150476
0.7351079381790093
2.0383024543335964
0.9644965912179568
1.5135029360711727
1.8608535354953981
0.7062024961388044
1.2216643567234136
0.5441568789393363
1.9341514738219627
0.2011211172008378
0.2019147319074029
1.7634390869837469
0.6801341388140623
2.1016311196175885
1.5680083460989562
1.1586037046321285
1.4665080100018866
5.788144256616901
1.6025839964731694
1.6140175984880778
0.9653168919194457
0.8392307597130263
1.9992432679729082
0.2399993856643575
0.5911380059799193
2.1858464307530237
0.8097731093572732
1.5547540080354305
1.97222811041526
0.8385690075565528
1.3612306604638431
0.6300972728301395
1.9427663521888996
0.37951148297474524
0.10876288537433387
1.692037891082013
0.7280438240584111
2.0510655236744717
1.5853688106295016
1.1748990155138055
1.2817505701091028
5.662399218818403
1.5439243436985952
1.4482991264903298
0.9936391634518656
0.9768622555644142
1.9916260913521684
0.3650532509784683
0.5950689350549774
2.015562921602831
0.8212267221632752
1.6703688179983285
1.9479843268473198
0.8077132014851849
1.3130724353937422
0.7131085168523743
1.8636774773113194
0.22407138009960836
0.16326831753722154
1.6760994428924636
0.8438878504973545
1.8994631456583912
1.4511325572988938
1.1125817364739627
1.4865929213587437
5.701633777239833
1.45571245195741
1.5256948985793235
0.7871388528586348
0.7084124933567024
2.06513865118575
0.3858073197361842
0.737084975793219
2.156448233675747
1.089309702033959
1.6019750181099996
2.0436853456717414
0.6492745671453286
1.2518708363389957
0.5933799566659625
1.816227270863043
0.41402789692916436
0.2479324348008964
1.945305349150434
0.7074828214275439
2.161628166270183
1.5743088954703326
1.2668193473090934
1.410830335995424
5.619002705312532
1.56483747153083
1.5463099497498187
0.7977313983089915
0.7024957603521623
2.1265064253819355
0.3547550340364467
0.7144735855264219
2.1987178129143077
0.8013378855450316
1.5972580400218221
2.1068052562235415
0.7060870951856348
1.1402756607719446
0.7054446010136367
1.7268855586453238
0.15438238632487722
0.2149766833535063
1.7311890088524824
0.8815086367660707
2.047610936887011
1.6429064949369327
1.1639199610813098
1.322029003906742
5.8184337415606615
1.2926932248081668
1.3804334026379674
0.6686215816884613
0.6811505361848205
1.808439052161835
0.21805988177585744
0.4751435955715928
1.8684698066488428
0.785873637136602
1.3380103563653576
1.7983591696484895
0.5639380292677119
1.0494031439578557
0.4677261347510322
1.6251671648329125
0.15311974328181654
0.08413138757227068
1.6680006431470984
0.6190351434149222
1.838854057377712
1.3920881532722176
1.0566955422694293
1.1977176056966006
5.56778531680379
1.3293261514109553
1.4059363544186605
0.7365611913569797
0.9263603055144761
2.005138412995997
0.49550744803331287
0.6577238085855325
2.1786391993567866
0.8921427408017439
1.4778664759590894
2.007443581315562
0.5966360702187529
1.1548597314942028
0.611270201332981
1.852254356377409
0.209065329856444
0.3499937964995835
1.868665231638965
0.7907771912429779
2.1540322305438733
1.4128253864868572
1.2774120975123786
1.4218553042053588
5.6285999010321595
1.578663671049261
1.48814313944268
0.9877123814455389
0.7030120366770397
1.886130659395631
0.4486797309685895
0.7787529640386391
2.141867148262517
0.8715971480299961
1.5762476327297437
2.0363395615716677
0.7615383819462476
1.258729114875486
0.5132942961273439
1.8423445767654005
0.2505329564334617
0.12008484829257174
1.9534184632847715
0.8554777307279985
2.0408035259270285
1.7038716390469544
1.2190366407083697
1.2291909965402277
5.894295212994849
1.573916369260377
1.5138823922561016
0.8259244263703569
0.9987407027672345
1.8365742060807053
0.38967549762591114
0.6391813780581774
2.159660500079693
1.0866821323817915
1.5461112706506295
2.0471376449225196
0.7916907643559459
1.1284691850560853
0.5045518560345376
1.8364522561099212
0.20559400454115573
0.0961500052588864
1.8261747384953098
0.8686505382770474
2.0777931953696975
1.5442637841126305
1.1362811353473101
1.2987511584132123
5.794707742266536
1.4285992929289195
1.5204383636133458
0.9316037221750295
0.8897319533118585
1.9200500824800095
0.536871305990432
0.660628488425693
1.9794744790221683
1.0812929728032061
1.3984981311521312
1.8750325440518232
0.7845425556581639
1.0891548738725185
0.6950701347131006
1.9323733499146853
0.34255463274090725
0.1501809946202185
1.8854158053285186
0.6228766309163823
1.974049809504485
1.4314195886590784
1.109903152466172
1.4850501991769454
5.76323428767981
1.5750505074092576
3.5374187827815184
2.700361664182811
2.7964713029599784
3.8326632344855573
1.8053676554075688
1.9657466778955062
3.703532207943488
2.4393979589311217
2.8608537378533354
2.944097883479775
2.5230063820804514
2.436341861276413
2.221790110722621
3.308099030728231
1.777548045781927
1.9225144302588328
3.652354217481315
2.4298918730233803
3.231542967303188
2.761774031730039
2.377829019790494
1.4620494805231234
5.590686187789984
1.4032438024855962
1.5340385833430932
0.9613917391489846
1.000005706738433
1.94599641583135
0.33279611313150476
0.7351079381790093
2.0383024543335964
0.9644965912179568
1.5135029360711727
1.8608535354953981
0.7062024961388044
1.2216643567234136
0.5441568789393363
1.9341514738219627
0.2011211172008378
0.2019147319074029
1.7634390869837469
0.6801341388140623
2.1016311196175885
1.5680083460989562
1.1586037046321285
1.4665080100018866
5.788144256616901
1.6025839964731694
1.6140175984880778
0.9653168919194457
0.8392307597130263
1.9992432679729082
0.2399993856643575
0.5911380059799193
2.1858464307530237
0.8097731093572732
1.5547540080354305
1.97222811041526
0.8385690075565528
1.3612306604638431
0.6300972728301395
1.9427663521888996
0.37951148297474524
0.10876288537433387
1.692037891082013
0.7280438240584111
2.0510655236744717
1.5853688106295016
1.1748990155138055
1.2817505701091028
5.662399218818403
1.5439243436985952
1.4482991264903298
0.9936391634518656
0.9768622555644142
1.9916260913521684
0.3650532509784683
0.5950689350549774
2.015562921602831
0.8212267221632752
1.6703688179983285
1.9479843268473198
0.8077132014851849
1.3130724353937422
0.7131085168523743
1.8636774773113194
0.22407138009960836
0.16326831753722154
1.6760994428924636
0.8438878504973545
1.8994631456583912
1.4511325572988938
1.1125817364739627
1.4865929213587437
5.701633777239833
1.45571245195741
1.5256948985793235
0.7871388528586348
0.7084124933567024
2.06513865118575
0.3858073197361842
0.737084975793219
2.156448233675747
1.089309702033959
1.6019750181099996
2.0436853456717414
0.6492745671453286
1.2518708363389957
0.5933799566659625
1.816227270863043
0.41402789692916436
0.2479324348008964
1.945305349150434
0.7074828214275439
2.161628166270183
1.5743088954703326
1.2668193473090934
1.410830335995424
5.619002705312532
1.56483747153083
1.5463099497498187
0.7977313983089915
0.7024957603521623
2.1265064253819355
0.3547550340364467
0.7144735855264219
2.1987178129143077